"col_ID","temp","atemp","hum","windspeed","casual","registered","Target"
"A1",-0.826096507100084,-0.679480780282526,1.24931592733673,-0.387626283969789,-0.753218077491555,-1.92415324227426,-1.81670866867345
"A2",-0.720601314993954,-0.740145535519902,0.47878515977555,0.749088818330907,-1.04449895368256,-1.91389851732286,-1.91169055609016
"A3",-1.63353816619917,-1.74856976040145,-1.33835760693648,0.74612099485425,-1.06051940187306,-1.55562406433337,-1.62880971747954
"A4",-1.61367484899664,-1.60916846111686,-0.263001480779674,-0.389561821019783,-1.07799625444452,-1.41141699470433,-1.51885785867651
"A5",-1.46640987599654,-1.50394094515383,-1.34057625474642,-0.0462749698328813,-1.11586276834935,-1.37039809489874,-1.49924203410133
"A6",-1.58992190532322,-1.47976954409374,-0.769737832154308,-1.3022423808578,-1.10712434206362,-1.37039809489874,-1.49614479864209
"A7",-1.63267501875197,-1.62931436354902,-0.907104428361317,-0.280784638810131,-1.01974007920632,-1.47038166317487,-1.54570056598993
"A8",-1.80487839742576,-1.91517999400959,-0.646364163432121,0.984772713118486,-1.13625242968272,-1.77225512893167,-1.83013002233016
"A9",-1.95055911245316,-2.19794059046751,-1.3601649490177,2.21249676750989,-1.15664209101609,-1.85108832699554,-1.90085023198282
"A10",-1.88227213087133,-1.98492666688315,-1.01788937707332,0.42298953614795,-1.17557534796851,-1.52293712855079,-1.643263482956
"A11",-1.78252943409366,-1.73593484931165,0.410519613395752,-0.882014060859541,-1.1726625392066,-1.56139234711854,-1.67320342572865
"A12",-1.76266611689113,-1.92610897732718,-0.199039830309658,1.47282483206459,-1.19887781806379,-1.61458873280392,-1.72534022262587
"A13",-1.80487839742576,-1.98495734903732,-1.10565234423855,1.42602354619574,-1.17994456111137,-1.4665361413181,NA
"A14",-1.82744041614039,-1.75465709979003,-0.632371235947298,-0.825031850107723,-1.15664209101609,-1.46717706162756,NA
"A15",-1.43157805243129,-1.38831831535587,-0.906725292343163,-0.419665873937353,-0.91196615501565,-1.68573088715424,-1.68094651437676
"A16",-1.44067934133651,-1.4735840218118,-1.01204085294143,-0.0264937811819449,-0.869730427967955,-1.732518069745,-1.70365957441118
"A17",-1.74569816770768,-1.82609742757412,-0.634660094130967,0.045559811399158,-1.06488861501593,-1.77738249140737,-1.80896558002535
"A18",-1.5226237192347,-1.48514505750543,1.64132852803298,-0.564031130706225,-1.22218028815907,-1.91133483608501,-1.97260285345522
"A19",-1.11013210977079,-1.07959448003396,0.799309557937697,0.230081010165234,-1.12168838587317,-1.33578839818777,-1.47343173860766
"A20",-1.27679058554013,-1.34574375822084,-0.628811569999077,0.0699088674880801,-1.1144063639684,-1.16145807401399,-1.33044270157273
"A21",-1.73659141584393,-1.94230915473227,-1.19927085657304,2.10013238996758,-1.12605759901604,-1.40244411037186,-1.52866577096411
"A22",-2.38323963144777,-2.42563531118215,-1.60005273294844,-0.238925424208932,-1.09984232015885,-1.77417788986005,-1.81877349231295
"A23",-2.17897251029413,-2.30432114178449,-1.34363040600377,0.724068776064654,-1.01682727044441,-1.8075057459521,NA
"A24",-2.17422192155945,-2.18717115435163,-0.955949785366794,-0.414930259955035,-1.11003715082553,-1.49089111307767,-1.59422392151803
"A25",-1.4854155087104,-1.4716878646837,-0.0767895275671874,-0.78312102118519,-0.964396712730031,-1.1902994879398,-1.30050275880007
"A26",-1.51807307478209,-1.66146312469494,1.64717705216487,1.3337629468127,-1.18577017863519,-2.04080073859642,NA
"A27",-1.64098964162937,-1.56266658824726,0.418495511851728,-0.989049259724198,-1.21344186187334,-2.07669227592631,-2.10268674274331
"A28",-1.59467467924132,-1.54047111791613,1.15951685933327,-0.866942679030256,-1.17994456111137,-1.61971609527962,-1.7227591930765
"A29",-1.63267501875197,-1.60914391539352,0.16741619434808,-0.582225178976167,-1.0561501887302,-1.71841782293683,-1.75837740085776
"A30",-1.52341584822105,-1.37475680320994,0.661942961730687,-1.50331371175935,-1.03139131425396,-1.73059530881661,-1.75940981267751
"A31",-1.71838337507495,-1.7679301996867,-0.169516368155277,-0.0425071243755602,-1.17411894358755,-1.40821239315702,-1.55034641917879
"A32",-1.65642796242539,-1.47166331896036,1.41593918627794,-1.7713159138497,-1.16683692168278,-1.50178675833853,-1.62313145247094
"A33",-1.28589733740388,-1.34962811893956,1.03576405459293,0.952565376606589,-1.1304268121589,-1.41141699470433,-1.53744127143196
"A34",-1.68492821705838,-1.81930439863949,-1.33447497326909,1.12604111060737,-1.14644726034941,-1.38898478387315,NA
"A35",-1.55192156581257,-1.50813212741431,-0.299637253793126,-0.808373327897443,-1.10712434206362,-1.30502422333357,-1.443491795835
"A36",-1.43157805243129,-1.41933183679727,2.11524855072519,-0.379458317618815,-1.08964748949216,-1.76328224459919,-1.80638455047599
"A37",-1.14477272978762,-1.12102152460279,-0.418180448802538,-0.628226442864353,-0.71972077672959,-1.52998725195488,-1.48736929817424
"A38",-1.22216100027467,-1.04746412818054,0.775395904644516,-1.87202448727694,-1.06051940187306,-1.32296999199852,-1.44142697219551
"A39",-1.49986503401311,-1.69431757538692,-0.631732321546335,2.21249676750989,-1.14207804720654,-1.40372595099078,NA
"A40",-1.9699526152224,-2.02545779255004,-0.934577747602719,-0.0212549275666281,-1.15809849539705,-1.34860680437702,-1.49666100455196
"A41",-1.91769941691598,-1.99314948420239,-1.33752912452644,0.405801967144005,-1.16683692168278,-1.38770294325422,NA
"A42",-1.67327026356274,-1.60065723154836,-0.853267113783481,-1.05727048894631,-1.01828367482537,-1.31976539045121,-1.42387597125981
"A43",-1.49075828214936,-1.48133433395673,-0.587850837963723,0.166208287515439,-0.81584346587262,-1.58446547825918,-1.56531639056512
"A44",-0.977119995566449,-0.921943435445303,-1.19710837706208,0.908370613965064,-0.657095388348524,-1.57933811578348,-1.50492029910993
"A45",-0.43913876578925,-0.466393219528137,-1.769730143147,2.93455531580025,-0.932355816349021,-1.25054599702927,-1.33766958431096
"A46",-1.2526443088528,-1.350505628549,-2.2014186260393,1.30181368190747,-1.03139131425396,-1.26977360631314,-1.38825776347855
"A47",-0.967619910688785,-0.970501012644712,-1.43521281750003,0.791051261574773,-0.91779177253947,-1.12748929761249,-1.23339599051653
"A48",-0.325328950805716,-0.280410273773089,-0.862843808760551,0.511211314886668,-0.858079192920315,-0.92303571889398,-1.04756186296212
"A49",0.143578631361835,0.230907825574917,-0.780929365727217,0.960526885672231,-0.392029791014713,-0.838434238044942,-0.814236791699348
"A50",-0.525633788140053,-0.50901686810985,-3.08909540217262,4.09013545254822,-0.460480796919598,-1.63638002332564,-1.48117482725576
"A51",-1.14813791223997,-1.20902407921125,-1.54510609446563,0.422576621577285,-0.304645528157412,-1.59151560166327,-1.38980638120817
"A52",-1.04917095557306,-1.16763385322743,-0.160740071438755,1.51436145715746,-0.951289073301436,-1.75879580243296,-1.7537315476689
"A53",-1.71079532568158,-1.76926180517795,-0.351866750812494,0.0670571762344226,-1.12751400339699,-1.4614087788424,-1.57667292058233
"A54",-1.49491559358806,-1.40301506720631,-1.43826696875738,-1.24355947821805,-1.03284771863492,-1.20375881443851,-1.33560476067146
"A55",-1.09113194001546,-1.13623987307424,0.487940592510226,0.77434112504316,-1.08964748949216,-1.24926415641034,-1.39238741075754
"A56",-0.715848541075859,-0.760260755797883,0.591732587998507,2.01363969099353,-1.06051940187306,-1.48384098967359,-1.57099465557373
"A57",-1.1629807705566,-1.17918875249022,-0.631732321546335,-0.0505202477625347,-0.617772470062739,-1.35309324654325,-1.30876205335805
"A58",-0.829860485524874,-0.756284348616635,0.365837731552593,-0.841806504541003,-0.224543287204887,-1.24862323610088,-1.08524489438287
"A59",-0.481351046323871,-0.455544009811398,1.74451671430717,1.28003243830487,-1.11731917273031,-1.46845890224649,-1.57873774422183
"A60",-1.2494757929074,-1.29156521037633,-0.652212687564012,0.334703239507566,-1.03576052739683,-1.24477771424411,-1.36967435072311
"A61",-0.876175447912931,-0.946746888881422,-1.25192863687217,1.51419371061313,-0.898858515587055,-1.12364377575571,-1.22358807822894
"A62",-1.6227816008604,-1.68273813040079,-2.17343979210703,0.455080740436848,-1.0561501887302,-1.34219760128239,-1.45536453176209
"A63",-1.27679058554013,-1.34188394322546,-0.122707111988033,0.16593731232844,-0.923617390063291,-1.23452298929271,-1.32166720110488
"A64",-0.607578166038243,-0.586489307405002,1.13230331847468,0.792083548001436,-0.303189123776457,-1.42231263996519,-1.25301181509172
"A65",-0.649342483973687,-0.663360376478299,2.24930823832942,1.97167724774966,-1.06925782815879,-2.02862325271663,-2.01286691442534
"A66",-1.27639725252622,-1.44754100934696,-0.537741694231066,1.94670881980474,-0.87992525863464,-1.29989686085787,-1.35883402661577
"A67",-1.10835118529114,-1.05518375817129,-1.45378346135219,-0.90113716691348,-0.77506414320588,-1.17876292236948,-1.22410428413881
"A68",-1.09014314452216,-1.15209027392171,1.03576405459293,0.382769076249079,-0.957114690825256,-1.25375059857658,-1.34902611432817
"A69",-0.58067855825353,-0.544215435380899,-4.40846768223562,0.921196772816357,-1.16829332606373,-1.97350410610286,NA
"A70",-0.977119995566449,-1.03922903799962,0.152152459098704,0.548192976121883,-0.875556045491775,-1.23452298929271,-1.30463240607906
"A71",-0.908040884998274,-0.911898098167983,-0.233878217755566,0.390833813957387,-0.180851155776237,-1.4408993289396,-1.22462049004869
"A72",-0.606589370544938,-0.578438310149141,-0.705635760936827,1.033806318385,0.194901174510156,-1.42359448058412,NA
"A73",-0.929619571178131,-0.87354540544761,-0.919314012353343,-0.691118493408818,-0.712438754824814,-1.26208256259959,-1.2690141982978
"A74",-0.97237268460688,-0.958363152452569,0.194889513589482,-0.0797081464764411,-0.814387061491665,-1.2108089378426,-1.26385213919906
"A75",-0.71110123011629,-0.659199876371993,1.04352230089034,0.162982392432116,-0.767782121301105,-1.14415322565851,-1.19364813545628
"A76",-0.43913876578925,-0.392860368829221,-0.175364892287167,0.246365328545849,-0.617772470062739,-0.85638000670989,-0.908702473206177
"A77",0.243731050029004,0.323113835305528,-0.720899496186203,0.522992283730964,0.0521735451765648,-0.833947795878705,-0.653180547818853
"A78",-0.125018650512853,-0.0480420473343134,-1.74632200454469,2.29271832644197,0.838631910892269,-1.25823704074282,-0.716157668823406
"A79",-0.889832844229296,-0.911898098167983,-1.08225122667361,0.222390476286592,0.289567459272231,-1.43064460398821,-1.04962668660161
"A80",-0.354818000932012,-0.396529954468706,0.768782087438945,1.26838050526391,-0.651269770824704,-1.26913268600368,-1.25301181509172
"A81",-0.293458050761847,-0.206871286643338,-0.0232470965590271,0.455029126115515,-0.565341912348359,-0.905730870538495,-0.929866915510986
"A82",-0.81085485281102,-0.837101142717004,1.48614956001012,0.564851498332163,-0.939637838253796,-1.11402997111378,-1.23029875505729
"A83",-1.14932337424023,-1.24889247034793,1.24931592733673,0.687771004587103,-0.993524800349131,-1.25439151888604,-1.36244746798488
"A84",-1.26313318922377,-1.33799958250674,-0.93305418249273,0.519224438273643,-0.79836661330116,-1.11915733358948,-1.18435642907856
"A85",-1.25403190031854,-1.33027381608515,-1.64100644394642,0.246262099903183,0.193444770129201,-1.37232085582713,-1.03672153885478
"A86",-1.32390313987306,-1.37465248388574,-0.940686050117418,-0.0798242786994409,-0.547865059776898,-1.56075142680907,-1.4512348844831
"A87",-1.26214439373046,-1.33025540679264,-2.28689273502086,0.280237226920741,-0.91196615501565,-1.18581304577357,-1.27830590467552
"A88",-1.05372160002568,-1.11343075965958,-2.20268943380385,0.471106987210797,-0.773607738824925,-0.99225511231592,-1.07337215845579
"A89",-1.06737899634204,-1.08617273388936,0.131805492791118,-0.22707993746297,-0.990611991587221,-1.4665361413181,NA
"A90",-1.24037450400218,-1.33024927036181,2.03918263182375,0.350458511094516,-0.974591543396716,-1.37808913861229,NA
"A91",-1.06737899634204,-1.17144457677612,0.409719215135205,0.880305326740154,-0.788171782634475,-1.11274813049485,NA
"A92",-0.985434618443852,-0.973955823204963,0.181535500505622,0.0859351142620287,0.0725632065099349,-1.47550902565057,-1.16267578086388
"A93",-0.639449066082113,-0.586562944575025,-1.038369743091,-0.106754050855021,1.16923570536906,-1.31912447014175,-0.648018488720119
"A94",0.425827846594362,0.420805814202861,-1.41575050190147,2.51729223856258,-0.166287111966686,-0.817283867832683,-0.717190080643152
"A95",-0.443689410241862,-0.466393219528137,0.099621057472287,2.54949957507448,-0.992068395968176,-1.29989686085787,-1.39858188167602
"A96",-0.571162084500287,-0.532310759560495,-1.10273159269129,0.936500419091641,-0.633792918253244,-0.808310983500209,-0.87566529497428
"A97",-0.316222198941964,-0.249494935225051,-0.175364892287167,-0.363548203067866,-0.403681026062353,-0.696149929344288,-0.703768726986445
"A98",-0.871624803460319,-0.919697501759598,1.4628748211179,0.471055372889463,-0.984786374063401,-1.51075964267101,-1.56583259647499
"A99",-0.835203258963836,-0.815071356018422,1.75249261276314,-0.74070695262966,0.0448915232717897,-1.33322471694992,-1.05788598115958
"A100",-0.375402428660037,-0.292198357407622,1.61207186529878,-0.564134359348891,0.494920476986887,-1.24926415641034,-0.830755380815296
"A101",0.547755617948342,0.557574584659126,0.625307188717236,1.72892219093944,0.00993781812886953,-0.745500793172893,-0.596914103642655
"A102",0.0388701052835273,0.114751326294288,0.78125144981378,1.08896912430982,-0.860992001682225,-1.20439973474798,-1.27520866921628
"A103",-0.452796162105615,-0.350212174524166,1.34293443967122,0.775902458263488,-0.930899411968066,-1.09159776028259,-1.20913431275248
"A104",-0.152333443145583,-0.0712561651841006,-0.61417972811329,-1.02952779122974,-0.464850010062463,-0.588475317354604,-0.638726782342398
"A105",-0.266143258129117,-0.199071883051723,0.304403654536936,0.463093863823822,-0.300276315014547,-0.751269075958055,-0.711511815634545
"A106",-0.352643743438446,-0.299838213797521,1.82855151062721,1.93968927210343,-1.05906299749211,-1.91133483608501,-1.9147877915494
"A107",-0.211513672863656,-0.175857765201936,-1.04129751567563,1.45823088270764,1.03379009794024,-0.942263328177852,-0.392496563332796
"A108",0.0934996905489876,0.176680186283728,-0.599554907264877,-0.347354209749585,-0.260953396728762,-0.574375070546431,-0.555101424942911
"A109",0.0570781460525054,0.091457434843643,0.266370695086214,-0.419562645294687,-0.639618535777064,-0.551942859715247,-0.671247754664422
"A110",0.544193768989035,0.552512029220037,-0.0963782218384652,0.663744538006514,-0.342512042062242,-0.208409573843397,-0.289255381358119
"A111",-0.197856276547291,-0.125563578076148,-1.55032272523393,1.73903859792074,-0.150266663776181,-0.135985578874145,-0.162784933439141
"A112",-0.867068696049179,-0.935191989618628,0.713961827628859,0.374652724219438,-0.977504352158626,-1.37808913861229,-1.45639694358183
"A113",-0.193305632094678,-0.148704058755912,1.82563075907995,0.519224438273643,0.893975277368559,-0.693586248106438,-0.241764437649768
"A114",0.471356142954597,0.475015044201544,1.28442111420282,0.0217914164252343,1.2551635638454,-0.753191836886442,-0.161752521619394
"A115",0.607930106118247,0.614539072102841,1.04454035130945,-0.0664948802151501,-0.109487341109441,-0.228278103436732,-0.222664818984453
"A116",0.744504069281898,0.73470879714973,0.7110410760816,1.75506484469469,-0.247845757300167,0.0421902671564036,NA
"A117",0.680767732152685,0.618478660699078,1.45702629698601,1.57054364592861,-0.438634731205273,-0.212255095700172,-0.326422206869003
"A118",0.66711033583632,0.641717324272206,0.512107003148843,1.68290802347092,-0.406593834824263,-0.107144164948337,NA
"A119",0.0798422942326228,0.141806849846948,-1.19927085657304,0.639718071425924,0.0434351188908347,0.0389856656090916,0.046794665969452
"A120",-0.125018650512853,-0.0634076701458034,-0.874547878061705,0.575355012723463,1.62654668098893,-0.198154848891999,0.416914303348666
"A121",-0.238828465496387,-0.160467596667105,0.942145542258443,-1.08560675135822,0.422100257939137,-0.924958479822367,-0.595365485913034
"A122",0.293809990841851,0.35885240849008,0.716889600213491,-0.0907407076614057,-0.00171341691877053,-0.0654843448332806,-0.053349280545984
"A123",0.662559691383707,0.661047081403274,0.485778112999275,1.96367702794302,-0.357076085871792,0.122946226148667,-0.0275389850523149
"A124",-0.443689410241862,-0.427733705266001,0.766619607927994,1.78727218120659,-0.863904810444135,-0.81920662876107,-0.966001329202122
"A125",-0.197856276547291,-0.199047337328382,-1.28995457528552,1.35366026768664,-0.341055637681287,0.104359537174257,-0.0368306914300358
"A126",-0.0885971060163707,-0.00145426443302258,-0.266055632037024,0.487236462627412,0.0667375889861148,0.0370629046807044,0.053505342797806
"A127",0.134471879498083,0.234822868447813,-0.6083312039814,-0.387574669648456,1.11243593451181,-0.355180324710288,0.108223169244384
"A128",0.179994712899791,0.273556019879971,0.0264899321928488,-1.49486315699908,0.805134610130304,-0.464136777318897,-0.0884512824173739
"A129",0.202758861079908,0.312295307742965,-0.274831928753546,-0.186923995465765,-0.268235418633537,0.0268081797293059,-0.0734813110310458
"A130",0.202758861079908,0.296800819883935,-0.974007893490711,-0.965384093392941,-0.224543287204887,0.290226426918355,0.154165495223115
"A131",0.257388446345368,0.331649610597374,0.0352662289093711,-0.901240395556146,-0.434265518062408,-0.0154925606952129,-0.166398374808254
"A132",0.216416257396274,0.300740408480172,0.839757754244806,-0.0105707630506623,-0.223086882823932,0.328681645486099,0.185654055725392
"A133",0.0934996905489876,0.122397319115022,1.65302557629676,-0.138858158724252,-0.227456095966797,-0.15585410846748,-0.206146229868505
"A134",0.139022523950696,0.16123478987138,2.06843929455795,-0.716615968147403,0.0783888240337549,-0.73652790884042,-0.565425543140378
"A135",0.366647616876289,0.378286484945347,1.67935446644633,-0.483977318318481,1.06874380308316,-0.439140885249863,NA
"A136",0.448591994774479,0.467338369226634,1.12352702175816,-0.82086399366007,-0.109487341109441,-0.301983939024908,-0.282028498619892
"A137",0.362096972423676,0.393805518527719,1.47457889041905,1.12090548563472,-0.247845757300167,-0.135344658564683,-0.196854523490784
"A138",0.298360635294464,0.324028163499982,1.69983483246401,0.142014074390516,-0.454655179395778,-0.216100617556946,-0.33519770733685
"A139",0.193652109216156,0.22329251490836,1.41606556495066,-1.06161899551863,-0.164830707585731,0.117818863672968,0.0364705477719844
"A140",0.225523009260026,0.335589199193611,0.643751453896679,-0.844838845919326,0.08858365470044,0.225493475662652,0.213012968948681
"A141",0.58516595793813,0.599044584243811,-0.00861525467324101,-0.90113716691348,2.05327316460875,-0.0699707869995174,NA
"A142",0.594272709801882,0.614539072102841,0.854382575093218,-0.548121016155276,1.06000537679743,-0.366716890280611,0.0803480501112218
"A143",0.744504069281898,0.711470133576602,1.27857259007093,0.559444898172514,-0.0177338651092756,-0.13983110073092,NA
"A144",0.899286073214526,0.800552700012066,0.792948498077561,0.214274124256952,-0.275517440538312,0.113332421506731,-0.00637454274750625
"A145",0.903836717667139,0.866390466443566,0.479929588867385,-0.467796228580533,-0.157548685680956,0.372905146839005,0.244501529450957
"A146",1.16332724767808,1.10660718792064,0.348285138119548,0.118142450773926,-0.131333406823766,0.168451568120498,0.0891235505790693
"A147",1.0176519956092,0.998115090753248,0.181535500505622,0.647666676911232,0.0332402882241497,0.0973094137701705,0.0901559623988161
"A148",0.876521925034409,0.84698093571164,0.713961827628859,0.511056471922669,1.67897723870331,-0.576297831474818,0.130936229278813
"A149",0.940258262163621,0.866439557890248,1.34000666708659,0.302612035218669,2.19454438956138,-0.783956011740638,0.146422406575015
"A150",1.29990121084173,1.20726919934224,0.400942918418683,-0.764681804888916,1.02068245851164,-0.709609255842999,-0.209759671237619
"A151",1.52752630376732,1.54042216581931,0.0615951190589387,-1.02141143920009,-0.255127779204942,-0.22250982065157,-0.269639556782931
"A152",1.46834607404925,1.51332368725081,0.345357365534916,0.214274124256952,-0.488152480157743,-0.125089933613284,-0.273769204061918
"A153",1.19974879217456,1.04066510216494,-2.26705128340414,1.31359465075177,-0.163374303204776,0.369059624982231,NA
"A154",0.680767732152685,0.692060602844676,-1.92184793887514,0.808213023418051,0.0725632065099349,0.485707121304389,0.416914303348666
"A155",0.762712110050876,0.738470429251744,-1.20511938070493,-0.868981444722916,1.48673186041725,-0.117398889899735,0.432400480644868
"A156",0.835549736085314,0.874134642157663,0.172759203789099,-0.668330770540224,1.21875345432153,-0.278910807884262,0.207334703940074
"A157",0.999438491881694,0.905148163599065,-0.195845258304844,-0.885059305818198,-0.255127779204942,0.140251074504152,0.0225329882054031
"A158",1.15877660322546,1.11435136363474,-0.210470079153257,-0.0345585188902522,-0.124051384918991,0.265230534849321,0.169651672519317
"A159",1.53207694821993,1.55205683868297,-0.0407996899920716,-0.692524983665147,-0.250758566062077,0.0441130280847908,NA
"A160",1.70962310033268,1.73799069299133,-0.418180448802538,-0.523926803030353,-0.415332261109993,-0.194950247344687,-0.304225352744447
"A161",1.4182671332364,1.4048622722376,-0.160740071438755,-0.644304303959635,-0.0483183571093308,0.0735953623200615,0.0421488127805916
"A162",1.25437837744002,1.24989284792395,0.187384024637512,-0.459834719514892,1.28283524708355,-0.268656082932863,0.238307058532477
"A163",1.07683222532727,1.03687892433958,0.842685526829438,-0.347354209749585,0.901257299273334,-0.42504063844169,-0.0228931318634545
"A164",0.762712110050876,0.78116771500348,-0.935981955077362,1.48215412064556,0.0215890531765096,0.32099060177255,0.266182177665639
"A165",0.594272709801882,0.719140672120676,-0.848218987912138,1.01676068876472,-0.176481942633371,0.325477043938787,0.199591615291973
"A166",0.717189276649168,0.695871326393372,-1.09687604752203,-0.291288153201431,-0.115312958633261,0.483784360376001,NA
"A167",0.726290565554394,0.742459109294663,0.424344035983618,0.206261000869977,-0.441547539967183,-0.278269887574799,-0.380623827405708
"A168",0.840105843496453,0.773368311411865,0.757843311211471,-0.612367942634737,0.0215890531765096,0.208188627307167,0.175329937527924
"A169",1.09959637350739,1.04073873933496,0.298555130405045,-0.917163413687428,1.39643478879804,-0.220587059723183,0.317286562743104
"A170",1.11325376982375,1.05234886647527,0.272226240255478,-1.14178894012938,1.1517588527976,-0.353257563781901,0.123709346540586
"A171",0.762712110050876,0.742459109294663,0.830981457528283,-0.451769981806584,-0.217261265300112,-0.221227980032645,-0.255185791306476
"A172",1.01309588819806,1.00203013362614,1.00065886772684,-0.251119307623893,-0.108030936728486,0.259462252064159,0.170684084339064
"A173",1.29990121084173,1.34679322724353,0.558916259316087,-0.23515757875161,-0.272604631776402,0.121664385529742,0.00136854590059447
"A174",1.272586418209,1.34681777296687,0.529659596581887,0.623472463786309,-0.148810259395226,0.248566606803298,0.147454818394761
"A175",1.2498277329874,1.11823572435345,-0.383075261936448,0.406963289374002,0.17596791755774,0.234466359995125,0.251212206279311
"A176",1.09048962164364,1.03680528716956,-1.01496862552606,0.246262099903183,1.36002467927416,-0.151367666301243,0.360131653262595
"A177",1.00854524374545,1.00192581430194,-0.804337504329525,-1.23813610340397,1.56100848384595,-0.173799877132427,0.413300861979553
"A178",1.02220264006181,0.998090545029907,0.213712914787079,-1.06968373322694,0.00848141374791453,0.126791748005441,0.105125933785144
"A179",1.35908690351833,1.33899382365192,0.0440425256258942,-0.596186852896789,-0.169199920728596,0.16652880719211,NA
"A180",1.272586418209,1.10660718792064,-0.912573816475054,0.920474172317692,-0.000257012537815521,0.46199306985428,0.372004389189682
"A181",1.09959637350739,0.998115090753248,-1.3601649490177,-0.0667658554021491,0.260439371653131,0.533135224204607,0.521704103052963
"A182",1.24072098112365,1.09110656363077,-1.626381623098,-1.13394356328673,0.579391931082278,0.294712869084592,0.442724598842336
"A183",1.32721600347446,1.18404894506161,-1.28703382373826,-0.973242373815916,1.97462732803718,-0.475032422579758,0.317286562743104
"A184",1.20885554403831,1.19182380292989,0.383390324985638,0.495133453791386,2.08822686975167,-0.826256752165156,0.0746697851026146
"A185",1.26348512930377,1.17244495435214,0.070371415775461,-1.4065807314328,3.22859150003944,-0.434654443083626,0.794260823466108
"A186",1.37274429983469,1.3621895322092,-0.263127859452392,-0.828773888404378,0.266264989176951,-0.0142107200762881,0.0829290796605887
"A187",1.22706358480729,1.29649904011775,0.810501091510606,-0.523926803030353,-0.093466892918936,0.12102346522028,0.064345666905147
"A188",1.39095234060367,1.3040959414918,0.163982907072576,-0.403704145065071,-0.137159024347586,0.116537023054043,0.0452460482398319
"A189",1.16788335508921,1.20353211296356,0.912895900561617,0.44701600272854,-0.227456095966797,-0.197513928582536,-0.239699614010275
"A190",1.29990121084173,1.16471918793055,-0.131483408704555,-0.291288153201431,1.66004398175089,-0.197513928582536,0.429303245185628
"A191",1.3772949442873,1.32345024434621,-0.347970075070358,-0.0905213467957399,1.30322490841692,-0.332107193569641,0.194429556193239
"A192",1.45923932218549,1.567551326542,0.0557395738896749,1.18520402643551,-0.182307560157192,-0.1879001239406,-0.215954142156099
"A193",1.63223482984563,1.62566946298274,-0.482535277365454,0.1260394419379,-0.271148227395447,-0.0385656918358595,-0.127166725657878
"A194",1.37274429983469,1.31963952079751,0.0264899321928488,-0.572315229280198,-0.145897450633316,-0.0398475324547843,-0.0838054292285135
"A195",1.01309588819806,0.986431326442914,-1.06469863324057,0.647511833947232,0.0579991627003848,0.345986493841584,NA
"A196",0.917494113983504,0.920569014288073,-0.257279335320501,-0.0987538310483802,0.684253046511038,0.361368581268682,0.533576838980051
"A197",1.04496678824193,1.0058163114515,-0.301160818903114,0.230403599673567,2.28629786556155,-0.0968894399969385,0.732316114281302
"A198",1.22251294035467,1.19954343292064,-0.166588595570645,0.703848865682385,1.68625926060808,-0.230841784674581,0.411752244249933
"A199",1.37274429983469,1.40874663295631,0.163982907072576,0.326690116120592,-0.0104518432045006,-0.025106365337149,-0.0239255436832012
"A200",1.53663305563107,1.67601274155521,0.158134382940686,-0.772746542597224,-0.140071833109496,0.0851319278903848,0.0189195468362894
"A201",1.49110475927084,1.67215292655983,0.555988486731455,-0.989307331330864,-0.297363506252637,0.0203989766346818,-0.0889674883272473
"A202",1.74604464482916,2.16012804301051,0.444824402001295,0.406911675052669,-0.314840358824097,-0.323134309237168,-0.37184832693786
"A203",1.92814144139452,2.24925970089266,-0.333338233184572,-0.740487591763994,-0.416788665490948,-0.532715250431375,-0.576782073157593
"A204",1.93269754880566,2.02461110444464,-0.897948995626641,-0.764733419210249,0.202183196414931,-0.870480253518063,-0.629435075964678
"A205",1.82798902272735,1.96657274160475,-0.541048602833852,-0.275042545561816,0.293936672415096,-0.705122813676762,-0.463732978895322
"A206",1.35453079610719,1.51326845937329,0.907040355392353,-1.28620194014548,-0.408050239205218,-0.246223872101679,-0.342940795984951
"A207",1.50931826299834,1.3661229843746,-0.611258976566031,0.126091056259234,-0.142984641871406,0.117818863672968,0.0442136364200851
"A208",1.52752630376732,1.32738983294244,-1.57957236693076,-0.0906245754384064,-0.135702619966631,0.156915002550174,0.0782832264717283
"A209",1.55029045194744,1.62950473225478,-0.312864888204268,-0.154936019819534,-0.352706872728927,0.0819273263430728,NA
"A210",1.87351185612906,1.91219169154268,-0.599554907264877,-0.210950462046355,-0.259496992347807,-0.30775222181007,-0.339843560525711
"A211",1.68686441511109,1.55977646867372,-1.13783677955738,-0.283223415493123,1.0352465023212,-0.474391502270296,NA
"A212",1.69596570401631,1.56750223509532,-1.03252121895911,-0.331276348654303,0.98427234898777,-0.562838504976108,-0.104453665623449
"A213",1.50931826299834,1.4048622722376,-0.541048602833852,-0.435743735032635,-0.173569133871461,-0.0763799900941415,-0.12303707837889
"A214",1.57304913716903,1.42805184436404,-0.959383072642298,0.198247877483003,-0.0687080184427009,0.248566606803298,0.175846143437797
"A215",1.2907999219365,1.26154593008011,0.207864390655188,-0.708448001796429,-0.555147081681674,-0.351975723162976,-0.48025156801127
"A216",1.17243399954183,1.16858513935676,0.909968127976985,0.085986728583362,-0.0716208272046109,0.077440884176836,0.0369867536818578
"A217",1.17698464399444,1.11813754146009,0.020634387023585,-0.0747144608874571,0.254613754129311,0.119741624601355,NA
"A218",1.20885554403831,1.23833181223032,0.89241553454394,0.487288076948745,0.979903135844905,-0.56604310652342,-0.108583312902436
"A219",1.34998015165457,1.47849944226071,0.877790713695527,0.14194955648885,0.655124958891938,-0.749346315029668,-0.371332121027987
"A220",1.47289671850186,1.40480704436008,-0.251430811188611,0.0217914164252343,-0.00316982129972554,-0.112912447733499,-0.0920647237864876
"A221",1.52752630376732,1.53267799010522,-0.403548606916752,-0.507952170577738,0.0856708459385299,0.0248854188009187,0.0504081073385657
"A222",1.48200347036561,1.29251036007483,-1.43037532274988,0.126091056259234,0.0521735451765648,0.153710401002862,0.142292759296028
"A223",1.21340618849092,1.08717311146537,-1.43330309533451,-0.331495709519969,-0.0526875702521958,0.207547706997704,NA
"A224",1.16332724767808,1.10264305360106,-1.49473717235017,-0.836993469076685,0.295393076796051,0.126791748005441,NA
"A225",1.04041068083079,1.0524225036453,0.713961827628859,0.270559541670772,0.95514426136867,-0.647439985825145,-0.182916963924203
"A226",0.990337202976469,0.920673333612272,1.33123037037006,0.414808666216643,0.713381134130138,-0.75255091657698,-0.353264914182419
"A227",0.931151510299869,0.870225735715603,0.591093673597545,0.238300590837541,-0.106574532347531,-0.0597160620481189,-0.085870252868007
"A228",1.12235505872898,1.05229363859776,-0.347970075070358,0.591536102461411,-0.185220368919102,0.222929794424802,0.113901434252992
"A229",1.24527162557627,1.18014003861955,-0.368443420050662,-0.604135458382097,-0.262409801109717,0.237030041232975,NA
"A230",1.18154075140558,1.15305996934355,0.187384024637512,0.551264028241207,-0.304645528157412,-0.314161424904694,-0.361008002830519
"A231",1.03586003637818,0.97487642718012,0.667159592498988,-0.660382165054917,-0.0745336359665209,-0.192386566106837,-0.181368346194583
"A232",1.10414701796,1.07167862360634,0.324884020554612,-1.10995580744714,1.55227005756022,-0.243019270554367,0.354453388253987
"A233",1.17698464399444,1.23447199723494,0.99773109514221,0.751863088102565,0.583761144225143,-0.661540232633318,-0.325906000959129
"A234",1.07228158087466,1.00576108357398,-1.10858011682318,1.11311172311341,-0.0221030782521406,0.172297089977272,0.130936229278813
"A235",0.794577547136219,0.808247784279481,-1.21096790483682,-0.564185973670224,0.630366084415703,0.61389118319687,0.717862348804848
"A236",0.972123699248964,0.959357393597749,-0.160740071438755,0.808045276873719,0.14683982993864,0.336372689199648,0.322964827751711
"A237",1.03130939192556,1.05239795792195,1.00943516444336,0.262546418283797,-0.601752021872234,-0.351975723162976,-0.496770157127219
"A238",1.11780441427637,1.13756548148452,0.936297018126552,-1.37453727039113,-0.116769363014216,0.151787640074475,0.0808642560210952
"A239",1.00854524374545,0.989204993180451,1.55941408499965,2.38884999992499,-0.90614053749183,-1.77353696955059,-1.74960190038992
"A240",1.15636743851526,1.06531514483018,-0.464294622269833,1.47323774663526,0.825524271463674,-0.472468741341908,-0.0879350765075005
"A241",0.771818861914628,0.819851774988957,-0.514719712684284,-0.395639407356764,-0.173569133871461,0.159478683788024,0.0669266964545139
"A242",0.785476258230993,0.738519520698426,-0.558601196266897,-0.844903363820993,-0.106574532347531,0.495320925946325,0.361164065082341
"A243",0.881078032445548,0.839261305720883,-0.210470079153257,-1.38265620313684,-0.233281713490617,0.457506627688043,0.285798002240828
"A244",0.871971280581796,0.86257974289487,0.079147712491984,-0.628278057185686,-0.094923297299891,0.433151655928471,NA
"A245",0.808234943452584,0.800522017857889,0.696409234195814,-0.652369041667942,0.0390659057479697,0.125509907386516,0.114933846072738
"A246",0.949365014027373,0.974827335733438,0.623278108916376,-0.0665981088578165,1.58285454956028,-0.709609255842999,-0.0105041900264933
"A247",1.16788335508921,1.17251859152216,0.801724794794084,0.206209386548644,2.43630751679991,-0.792928896073111,0.224885704875769
"A248",0.972123699248964,0.928392963603029,1.1410796151912,0.28658578844472,0.564827887272728,-0.987768670149683,-0.595365485913034
"A249",0.243731050029004,0.250648723571947,1.81889056320166,1.9801419964483,-0.938181433872841,-0.737168829149882,-0.926253474141872
"A250",0.566957917169152,0.428783174288698,2.03040633510723,-1.2060384473249,-1.06343221063497,-1.13966678349227,-1.29482449379147
"A251",0.75677387413252,0.497093922346808,2.18825329733191,0.0291851679562105,-1.01245805730155,-1.26080072198067,-1.37432020391197
"A252",0.844656487949066,0.641821643596405,1.89584113281213,-0.853019715850634,-0.627967300729424,-0.339157316973728,-0.495737745307472
"A253",0.899286073214526,0.819876320712298,0.883639237827418,-0.47586096628884,1.3134197390836,-0.0392066121453219,0.433949098374488
"A254",0.862864528718044,0.827651178580572,0.602797742898699,-0.973345602458582,1.14302042651187,-0.15585410846748,0.279603531322347
"A255",0.813779846357028,0.784088656081064,0.451311840534148,-1.31065809595117,-0.230368904728707,0.235107280304588,0.107706963334511
"A256",0.849207132401679,0.792826933590474,0.594021446182177,-0.628174828543019,-0.214348456538202,0.260103172373622,0.13351725882818
"A257",0.972123699248964,0.936088047870444,0.485778112999275,-0.299185144365405,-0.292994293109772,0.308813115892765,0.144873788845395
"A258",0.448591994774479,0.486723354235219,0.570620328617241,1.04080005892564,-0.611946852538919,-0.272501604789638,-0.436374065672033
"A259",-0.143226691281831,-0.0790310230523743,-0.263127859452392,-0.339405604264277,-0.154635876919046,0.231902678757276,0.13196864109856
"A260",-0.0203101244345454,0.0255153490879432,0.634975157180157,-0.0104675344079959,0.853195954701819,-0.371203332446848,0.003433369540088
"A261",0.0661848979162574,0.0993059298819399,0.471153292150862,-0.154884405498201,0.735227199844463,-0.471186900722984,-0.118907431099903
"A262",0.293809990841851,0.33947355991233,0.436048105284772,-0.499939047190763,-0.228912500347752,0.122946226148667,0.0178871350165427
"A263",0.362096972423676,0.35507236709556,1.77882150291271,-0.71656435382607,-0.597382808729369,-0.290447373454585,-0.445665772049754
"A264",0.544193768989035,0.467467234274175,1.91046595366055,-1.21399479495841,-0.450285966252913,0.100514015317483,-0.0786433701297796
"A265",0.726290565554394,0.494651622874374,1.92509077450896,-0.804682903922122,-0.426983496157633,0.37418698745793,0.150035847944128
"A266",0.621587502434612,0.29314350710612,2.41949116321885,-1.44674312522017,-0.85953559730127,-0.97366842334151,-1.08885833575199
"A267",0.607930106118247,0.552634757836743,1.64717705216487,-1.44652892578663,1.35128625298843,-0.00587875605327683,0.474213159344612
"A268",0.758161465598263,0.603106901456752,1.52430889813356,-1.80788207979818,1.01340043660687,-0.121885332065972,0.261020118566905
"A269",0.840105843496453,0.703775049309186,1.54771001569849,-1.02952779122974,-0.239107331014437,0.185756416475983,0.0648618728150204
"A270",0.771818861914628,0.614692482873722,1.80807816564691,-0.933125142559711,-0.540583037872123,-0.00844243729112646,-0.198403141220404
"A271",0.762712110050876,0.618576843592442,1.55063778828312,-0.540107892768301,-0.536213824729258,-0.146881224135006,-0.308355000023434
"A272",0.662559691383707,0.614612709272865,0.500409954885061,-0.227144455364636,-0.284255866824042,0.33957729074696,0.172748907978557
"A273",0.375754368740041,0.432465032789854,0.137654016923009,0.20631261519131,-0.0264722913950057,0.458788468306968,0.360131653262595
"A274",-0.46645355842198,-0.377335198816014,0.883639237827418,1.31371078297477,-0.536213824729258,-1.09416144152044,-1.07130733481629
"A275",-0.757809525518259,-0.791826556014459,1.14985591190772,0.406808446410002,-0.338142828919377,-0.867916572280213,-0.818882644888209
"A276",-0.607578166038243,-0.505077279513613,0.93336924554192,-1.38249490838267,-0.75467448187251,-0.266733322004476,-0.482316391650764
"A277",-0.0612823133836406,-0.00918003085461448,0.576468852749132,0.198299491804336,-0.527475398443528,0.20113850390308,NA
"A278",0.234624298165251,0.323905434883276,0.140581789507641,-0.17079452004915,-0.421157878633813,0.391491835813415,NA
"A279",-0.00665272811818031,0.0372543412757948,-0.0495759867085947,-0.71656435382607,-0.304645528157412,0.301122072179216,0.134549670647927
"A280",0.0843929386852355,0.184399816274484,0.395094394286792,-2.16902103437619,0.14683982993864,0.243439244327599,0.248114970820071
"A281",0.143578631361835,0.238633591996509,0.515034775733475,-1.87207739195631,2.01977586384678,-0.309034062428995,0.466986276606384
"A282",0.248281694481616,0.304544995598032,0.699337006780446,-1.63922196197778,2.25571337356149,-0.347489280996739,0.519639279413469
"A283",0.412170450277997,0.42078126847952,0.743218490363058,-1.91207849098951,0.96970830517822,-0.0340792496696227,0.316254150923357
"A284",0.389411765056406,0.440239890658128,1.26979629335441,-0.612200196090404,-0.263866205490672,0.153710401002862,0.0302760768535038
"A285",0.261939090797981,0.266094119984296,1.95434743724316,0.744069325581257,-0.919248176920426,-0.933931364154841,-1.07801801164465
"A286",0.512328331903692,0.475266637865789,1.88706483609561,-0.628394189408686,-0.81293065711071,-0.662181152942781,-0.821463674437576
"A287",0.302911279747077,0.33947355991233,0.620350336331744,0.430938141633258,-0.464850010062463,-0.346848360687277,-0.444117154320134
"A288",0.0616342534636447,0.149551025561045,-1.01496862552606,0.872240589031847,1.5304239918459,-0.216741537866408,0.367874741910695
"A289",0.0889490460963749,0.17672927773041,-0.991560486923756,1.17720380662887,1.31050693032169,-0.232764545602969,0.27702250177298
"A290",0.21186561294366,0.223188195584161,-0.339193778353836,-0.194937118852739,-0.196871603966742,0.128714508933828,NA
"A291",0.202758861079908,0.296800819883935,0.517962548318107,-1.03743768597404,-0.307558336919322,0.29150826753728,NA
"A292",0.253231134906667,0.242352269082676,1.87688433190444,0.681990200597788,-0.86536121482509,-0.95251805312925,-1.07388836436566
"A293",-0.106810609743875,-0.0480420473343134,0.0586673464743068,2.99090525111573,-0.549321464157854,0.0434721077753284,-0.159687697979901
"A294",-0.370851784207424,-0.311472886661173,-0.377219716767184,0.398846937344361,-0.250758566062077,-0.0180562419330625,NA
"A295",-0.398166576840154,-0.299838213797521,0.00893733875980431,-1.26222192645409,0.947862239463895,-0.542969975382773,-0.101356430164208
"A296",-0.402717221292767,-0.319223198806105,0.795876270662193,-1.17388659620844,1.1226307651785,-0.573093229927506,-0.0636733987434516
"A297",-0.175097591325701,-0.106080410174199,1.01235591599062,-0.925112019172736,-0.217261265300112,-0.107785085257799,-0.163817345258888
"A298",-0.129569294965466,-0.0673718044653813,-0.0349441448228078,-0.307469242939379,-0.223086882823932,0.215238750711253,0.0942856096778031
"A299",-0.0612823133836406,-0.00925366802463766,0.649606999065943,-0.539940146223969,-0.646900557681839,-0.106503244638875,NA
"A300",-0.138676046829218,-0.106209275221739,1.2990529560886,0.09389662332767,-0.88575087615846,-0.792928896073111,-0.952579975545414
"A301",-0.898939596093049,-0.954472655303014,-0.295312294771223,0.503146577178361,-0.571167529872179,-0.234046386221893,-0.390947945603175
"A302",-1.31776277448923,-1.51226808179728,1.78759779962923,2.075989791164,-1.15227287787323,-1.9779905482691,-2.00151038440813
"A303",-0.962670470263735,-0.939027258890666,-0.0290956206909174,-0.178962486400124,0.0536299495575198,-0.775624047717626,-0.605689604110502
"A304",-0.848860655280201,-0.725884470258759,0.529659596581887,-1.08565836567956,-0.708069541681949,-0.223791661270495,-0.431212006573299
"A305",-0.516532499234827,-0.474137395242234,0.39216662170216,-0.708602844760429,-0.638162131396109,0.00117136735080963,-0.22524584853382
"A306",-0.643999710534725,-0.516816271701464,0.637902929764789,-1.39867728847865,-0.696418306634309,0.10243677624587,-0.164333551168761
"A307",-0.475560310285732,-0.419934301674386,0.520883299865365,-0.692524983665147,-0.77215133444397,-0.000110473268115177,-0.273769204061918
"A308",-0.502875102918462,-0.435453335256758,-0.0378719174074397,1.04896802527661,-0.550777868538809,-0.0513840980251077,NA
"A309",-0.921698281314639,-0.923532771031635,-0.763376772294172,-0.0183774291523039,0.448315536796327,-0.567965867451807,NA
"A310",-0.803337821878493,-0.6872556381508,0.749067014494949,-1.27012536940823,0.151209043081505,-0.614753050042563,-0.441536124770767
"A311",-0.54839793632017,-0.450923277392447,0.918744424693508,-1.71954674955253,-0.692049093491444,0.00373504858865926,-0.242280643559642
"A312",-0.475560310285732,-0.381121376641369,0.658383295782465,-1.56712320686552,-0.687679880348579,0.110768740268881,-0.154525638881167
"A313",-0.52108314368744,-0.400555453096636,0.915816652108876,-1.6554056324318,-0.791084591396385,0.0947457325323209,-0.204081406229011
"A314",-0.63034231421836,-0.617527374569745,1.30197370763586,-0.0183129112506374,-0.958571095206211,-0.585270715807292,-0.811139556240108
"A315",-0.935355677631004,-1.02807914317195,-1.27532975443711,1.60248000725351,-0.594469999967459,-0.466700458556747,-0.586589985445187
"A316",-0.757809525518259,-0.714354116719306,-0.526416760948066,0.278404918513413,0.621627658129973,-0.553865620643634,NA
"A317",-0.298014158172986,-0.268800146632778,-1.19049455985651,1.1772554209502,0.226942070891166,-0.604498325091164,-0.406434122899377
"A318",0.189101464763543,0.30840481059341,-0.286535998054701,1.49823198174084,-0.368727320919433,0.15050579945555,-0.00947177820674654
"A319",0.189101464763543,0.203882984176434,0.42727180856825,0.118026318550926,-0.581362360538864,0.0575723545835014,-0.159687697979901
"A320",-0.211513672863656,-0.137247342386482,2.12109707485708,-0.692370140701147,-1.02410929234919,-1.27169636724153,-1.3872253516588
"A321",-0.839753903416449,-0.927417131750355,-0.365522668503402,1.48230896360956,-1.03284771863492,-0.47567334288922,-0.749194847055302
"A322",-1.20850360395831,-1.23730688893096,-1.52984235921626,-0.283275029814457,-0.878468854253685,-0.32633891078448,-0.574201043608226
"A323",-0.908040884998274,-0.919672956036257,-0.883324174778228,0.438848036377566,0.13810140365291,-0.600011882924927,-0.434309242032539
"A324",-0.175097591325701,-0.106135638051716,0.398015145834051,-0.0585333711495088,-0.089097679776071,-0.591679918901916,-0.508126687144433
"A325",-0.261592613676504,-0.17974826235149,1.98067632739272,-0.676563254792865,-0.91487896377756,-0.712172937080848,-0.897862149098836
"A326",-0.430032013925497,-0.323132105248166,2.34928078948667,-0.925112019172736,-1.13479602530177,-1.35757968870949,-1.49562859273221
"A327",-0.298014158172986,-0.268879920233636,0.912895900561617,1.87539073130264,-1.0721706369207,-0.770496685241927,-1.00058712516364
"A328",-0.666763858714842,-0.62519791311382,-0.552745651097633,-0.299133530044072,-0.419701474252858,-1.74405463531532,-1.55344365463803
"A329",-0.65765710685109,-0.574879180264691,0.111325126773442,-1.18184423419998,0.359474869558071,-1.25567335950497,-0.883924589532255
"A330",-0.653106462398478,-0.547780701696184,0.377541800853747,-1.57508084485706,0.583761144225143,-1.17748108175055,-0.741451758407201
"A331",-0.197856276547291,-0.113855268042473,0.494554409715798,0.238300590837541,-0.0556003790141058,-0.894194304968172,-0.739903140677581
"A332",0.0442128787224895,0.0967593110853072,0.808464990672373,-0.624071489997033,-0.866817619206045,-0.0270291262655362,-0.32900323641837
"A333",-0.202412383958431,-0.141008974488496,1.42484186166718,0.872356721254846,-1.09547310701598,-0.537201692597611,-0.820947468527702
"A334",-0.930805033178391,-1.00105430177347,-0.102233767007729,1.04095490188964,-0.961483903968121,-0.148163064753931,-0.460119537526208
"A335",-0.999092014760217,-1.03582945531689,-0.725350833880823,0.382872304891745,-0.970222330253851,-0.0712526276184422,-0.401272063800643
"A336",-0.989985262896465,-0.877024761731203,-0.0144707998425048,-1.15786680122466,-0.84497155349172,0.0101442516832833,-0.291320204997613
"A337",-1.07192964079465,-1.00484047959882,-0.105154518554988,-1.22200662798735,-0.207066434633427,-0.479518864745995,-0.459603331616335
"A338",-0.898939596093049,-0.768612438164671,1.03868480614019,-1.37459146542853,-0.311927550062187,-0.516051322385352,-0.526193893990001
"A339",-0.598476877133017,-0.49354692597416,1.39851297151761,-1.65524433767763,-0.895945706825145,-0.0501022574061828,-0.357910767371279
"A340",-0.179648235778313,-0.110173409541317,2.25859004973681,0.543199290532899,-1.05178097558733,-0.761523800909453,-0.986133359687184
"A341",-0.46645355842198,-0.454758546664484,2.40486634237043,0.976656361088846,-1.16246770853991,-1.9235123219648,-1.961246323438
"A342",-1.25403190031854,-1.33415817680387,-0.336266005769204,0.639653553524257,-1.01682727044441,-0.31031590304792,-0.610335457299362
"A343",-1.11745793715489,-0.962265922463794,0.477001816282753,-1.39061255077035,-0.855166384158405,-0.19046380517845,-0.456506096157095
"A344",-1.20395295950569,-1.27602163107062,-0.845291215327506,0.55143177478554,-0.504172928348248,-0.620521332827724,-0.678474637402649
"A345",-1.49986503401311,-1.35737843108449,-0.96815936935882,-1.59932796266135,-0.686223475967624,-0.826897672474619,-0.90921867911605
"A346",-1.40426325979856,-1.25280137678999,0.301475881952304,-1.63922196197778,-1.0270221011111,-0.313520504595232,-0.616529928217843
"A347",-1.1629807705566,-1.06292793388539,-0.266055632037024,-0.644355918280968,-1.00954524853964,-0.184695522393288,-0.506578069414813
"A348",-0.971777222127487,-0.834505432473689,0.251745874237801,-1.67137381309425,-0.976047947777671,-0.0603569823575813,NA
"A349",-0.398166576840154,-0.381176604518886,0.0440425256258942,1.0007473455711,-0.971678734634806,-0.0821482728793031,-0.410563770178364
"A350",-0.65765710685109,-0.702799217456512,-0.895021223042009,0.90439631122241,-0.976047947777671,-0.164826992799954,-0.47870295028165
"A351",-1.29500408926764,-1.38059254893428,-0.470838229101672,0.679770784780462,-0.834776722825035,-0.764087482147303,-0.911283502755544
"A352",-1.40426325979856,-1.40386189466158,-0.292384522186591,-0.267197168719174,-0.91487896377756,-0.926240320441292,-1.07027492299655
"A353",-1.19484620764194,-1.18691451891181,0.0674436431908291,-0.226976708820303,-0.85662278853936,-0.328902592022329,-0.568522778599619
"A354",-0.598476877133017,-0.478027892391789,-0.228022672586302,-1.66347037014011,-0.92070458130138,-0.0783027510225287,-0.389399327873555
"A355",-0.366301139754811,-0.28434372593849,1.61792038943067,0.398898551665694,-1.07945265882548,-0.707045574605149,NA
"A356",-0.393615932387541,-0.295978398802142,0.909968127976985,-1.84793737386878,-0.904684133110875,-0.522460525479976,-0.741451758407201
"A357",-0.666763858714842,-0.594258028842441,0.409719215135205,1.08080115795885,-0.997894013491996,-1.03199217150259,-1.18487263498844
"A358",-1.05372160002568,-1.07456260674904,-0.599554907264877,-0.00235118237835528,-1.00954524853964,-1.79468733976285,-1.80328731501675
"A359",-1.20513842150595,-1.19287912968368,0.374993164287269,-0.456724956654568,-0.793997400158295,-2.05426006509513,-1.93595223385421
"A360",-0.948619740933458,-0.97458173915016,-0.849103638621163,0.632001730386615,-0.609034043777009,-1.77481881016952,-1.64532830659549
"A361",-0.930805033178391,-0.900343198905189,0.945073314843075,-0.0262744203162787,-1.0852782763493,-1.66458051694198,-1.72534022262587
"A362",-1.07213177026014,-1.19279935608283,-0.870475676385238,1.3351952442297,-0.863904810444135,-1.03135125119313,-1.13686548537021
"A363",-1.3496336745331,-1.29148543677547,-0.377219716767184,-0.917111799366095,-0.86536121482509,-0.953158973438713,-1.07440457027553
"A364",-1.00364265921283,-0.954472655303014,0.0615951190589387,-0.724525862891711,-0.520193376538753,-0.735886988530957,-0.777069966188465
"A365",-0.46645355842198,-0.369615568825257,-0.0846811735746845,0.382820690570412,-0.266779014252582,-1.17684016144109,-1.04239980386338
"A366",-0.68497189948382,-0.605868155982752,0.453600698717817,0.0216881877825678,-0.236194522252527,-1.31271526704712,-1.1409951326492
"A367",-1.21464396934214,-1.36259439729446,-1.73131804767812,1.79590467644956,-0.87992525863464,-1.24926415641034,-1.31805375973577
"A368",-1.88682277532395,-2.13596263903139,-1.3104349413032,2.26051098993007,-1.10566793768267,-0.967259220246886,-1.17093507542185
"A369",-2.11899851270215,-2.17853719616642,-1.4976649449348,-0.0746628465661239,-1.09692951139694,-0.886503261254623,-1.10279589531857
"A370",-1.25403190031854,-1.2023844610475,-0.728271585428082,-0.780656437341532,-1.03139131425396,-0.335952715426416,-0.636145752793032
"A371",-0.880726092365544,-0.82281553173252,-0.602482679849509,-0.291339767522764,-0.788171782634475,0.0864137685093096,-0.209759671237619
"A372",-0.557504688183922,-0.512852137381887,-0.675613805128947,-0.202950242239714,0.323064760034196,-0.131499136707908,0.00859542863882181
"A373",-0.862518051596566,-0.822870759610037,-1.14368530368927,0.0136234500742601,-0.362901703395613,-0.532074330121912,NA
"A374",-1.48165153028561,-1.39220267607459,0.517962548318107,-1.18179003916258,-1.08090906320643,-0.88842602218301,NA
"A375",-1.0198731089952,-0.95438674527132,0.130787442372002,-0.0378618354555751,-0.983329969682446,-0.148163064753931,-0.467862626174309
"A376",-1.20850360395831,-1.17532893749484,1.5418614915666,-0.764733419210249,-1.1012987245398,-1.00699627943355,-1.20139122410438
"A377",-0.616684917901995,-0.567104322396417,1.22884258235643,-0.122831911950303,-0.843515149110765,0.110127819959419,-0.210275877147492
"A378",-1.20850360395831,-1.38064777681179,-0.845291215327506,2.42099281853522,-0.981873565301491,-0.394917383896957,-0.666085695565688
"A379",-1.72293401952756,-1.78733973041862,-1.1963430839884,-0.0426232565985599,-0.750305268729645,-0.958927256223875,-1.0382701565844
"A380",-1.795771645562,-1.91903980900496,-1.46548050961597,0.784173653257128,-0.82166908339644,-1.04416965738237,-1.13221963218135
"A381",-1.6683044342621,-1.7408501304107,-0.739975654729237,0.527392404624617,-0.919248176920426,-1.0095599606714,-1.1389303090097
"A382",-0.668348116687541,-0.675473690947101,0.61920590723991,2.04707286763709,-1.05032457120638,-0.543610895692235,-0.810107144420361
"A383",-1.04917095557306,-1.22176330962525,-1.29581012045478,2.90256734015402,-1.07653985006357,-0.249428473648991,-0.5824603381662
"A384",-1.6683044342621,-1.74468539968273,-0.915501589059685,0.382872304891745,-1.04595535806351,-0.316725106142544,-0.625821634595564
"A385",-1.51807307478209,-1.55494695825651,-1.24900086428754,0.158246778449798,-1.06780142377784,-0.389790021421258,-0.69241219696923
"A386",-1.75935556402405,-1.83773210043777,1.42776963425181,0.414924798439643,-1.13770883406368,-1.55241946278606,-1.65358760115347
"A387",-1.81853579374212,-1.91520453973293,1.18203332618918,0.118090836452593,-0.949832668920481,-1.20183605351013,-1.30463240607906
"A388",-1.51352243032948,-1.41933183679727,1.98945262410925,-1.02942456258707,-1.02410929234919,-0.877530376922149,-1.06975871708667
"A389",-0.835203258963836,-0.76856334671799,1.45994704853327,-0.860916707014608,-0.595926404348414,0.156274082240712,-0.0853540469581336
"A390",-1.09924443342738,-1.10169176747173,0.111325126773442,-0.379561546261482,-0.555147081681674,0.0941048122228585,-0.120972254739397
"A391",-0.839753903416449,-0.725964243859617,0.994803322557578,-1.51088553269893,-0.87992525863464,0.112050580887806,-0.221632407164706
"A392",-0.384509180523789,-0.36187139311116,0.795876270662193,1.96367702794302,-0.843515149110765,-0.300702098405984,-0.541163865376329
"A393",-0.980883973991239,-0.908038283172605,-0.593706383132987,0.262494803962464,-0.106574532347531,-0.261605959528777,-0.248475114478122
"A394",-1.1629807705566,-1.23730688893096,-2.22316979982153,0.639550324881591,-0.422614283014768,-0.622444093756111,-0.65111572417936
"A395",-1.23581839659104,-1.29926029464375,-1.59420420881655,0.326535273156593,-1.05178097558733,-0.101375882163175,-0.454441272517601
"A396",-0.5757127289529,-0.570915045945113,-1.48303310304901,0.920422557996359,-0.76341290815824,0.338936370437498,0.00240095772034123
"A397",-0.143226691281831,-0.0479622737334551,-0.842363442742874,-0.0183129112506374,-0.79254099577734,0.396619198289114,0.0385353714114779
"A398",-0.525633788140053,-0.46258249597944,0.31610772383809,-0.0425716422772267,-0.958571095206211,-0.0545886995724197,-0.383721062864948
"A399",-0.994541370307604,-1.01256010958958,-0.710718991995037,-0.154716658953868,-0.78380256949161,0.11845978398243,-0.182400758014329
"A400",-1.26313318922377,-1.23728234320762,1.06501369628976,-0.885059305818198,-0.676028645300939,-0.774342207098702,-0.863276353137319
"A401",-1.25403190031854,-1.28762562178009,0.421423284436359,-0.186975609787098,-0.77215133444397,-0.658335631086006,-0.80391267350188
"A402",-1.1623853080772,-1.09184279598114,-0.0401607755911091,-0.473383478864848,-0.935268625110931,-0.0501022574061828,-0.37184832693786
"A403",-0.771466921834624,-0.694950722418215,-0.924277885776208,-0.556237368184916,-0.945463455777616,0.333168087652336,-0.0667706342026919
"A404",-1.30410537817286,-1.2759664031931,0.667159592498988,-0.732474468377019,-1.07653985006357,-0.617316731280412,-0.878762530433521
"A405",-1.25858254477115,-1.30316920108581,-0.46206193238515,0.0458178830058238,-0.997894013491996,0.00693965013597129,-0.348102855083685
"A406",-1.17208752242035,-1.10944207961666,-0.617107500697922,-0.949151389333659,-0.904684133110875,-0.0334383293601603,-0.347586649173811
"A407",-1.48165153028561,-1.61686968181511,0.725665896930013,1.28145183214154,-0.955658286444301,-1.07621567285549,-1.20552087138337
"A408",-2.00973934217123,-2.28702315690298,-1.1466130762739,2.82234578122194,-1.12897040777795,-1.41013515408541,-1.53589265370234
"A409",-1.49075828214936,-1.51226808179728,-1.52106606249973,-0.299404505231072,-1.09838591577789,-0.210332334771784,NA
"A410",-0.962670470263735,-0.861603911042195,-0.836514918610983,-0.636239566251327,-1.03867333615874,0.08385008727146,-0.300611911375334
"A411",-0.803337821878493,-0.7530934045823,-0.678541577713579,-0.114663945599329,-1.02993490987301,0.2383118818519,-0.173109051636608
"A412",-0.9763278665801,-0.884824165322818,0.877790713695527,-1.27824430215394,-1.12751400339699,-0.46477769762836,-0.773972730729224
"A413",-0.830652614511223,-0.7530934045823,0.0469632771731526,0.19819626316167,-0.727002798634364,0.0953866528417833,-0.180852140284709
"A414",-0.812439110783719,-0.729799513131655,-0.655140460148644,0.00571355532995208,0.854652359082774,-0.495541872482555,-0.0961943710654746
"A415",-1.17663816687296,-1.27985076391182,-0.786784910896481,0.808096891195052,-0.335230020157467,-1.01596916376603,NA
"A416",-1.17663816687296,-1.23319548027134,-0.843002357143837,0.498036759366377,-0.504172928348248,-0.659617471704931,-0.709963197904925
"A417",-1.13388505344421,-1.09989992966783,-0.235528161538272,0.196531701298675,-0.997894013491996,-0.0270291262655362,-0.375461768306974
"A418",-0.543847291867557,-0.501266555964917,-0.421101200349796,0.567561250202155,-0.661464601491389,0.463274910473204,0.138679317926914
"A419",-0.225171069180021,-0.18352830374601,-0.514719712684284,0.00550709804461956,-0.483783267014878,0.570308602153426,0.287862825880321
"A420",-0.480110954738345,-0.388945325956325,0.769547380512626,0.607510734914027,-0.87701244987273,-0.266092401695014,-0.525161482170255
"A421",-1.11745793715489,-1.3419084889488,-1.62930939568264,2.98273728476476,-0.773607738824925,-0.795492577310961,-0.914896944124657
"A422",-1.18118881132558,-1.26438695820696,-1.52984235921626,0.190234754096028,-0.485239671395833,-0.501310155267717,-0.575749661337846
"A423",-0.703179940252798,-0.714280479549283,-0.96231084522693,1.0006312133481,-0.866817619206045,0.264589614539859,-0.0941295474259811
"A424",-0.744152129201894,-0.741458731718648,-1.62930939568264,0.0378176631991829,-0.901771324348965,0.306249434654915,NA
"A425",-0.825107711606779,-0.772478389590885,1.24194383809485,-0.146703535566893,-1.14062164282559,-1.20952709722368,-1.37844985119095
"A426",-0.0521810244784149,0.00624081983439281,-0.087601925121943,0.470990854987797,-0.761956503777285,0.646578118979452,NA
"A427",-0.776023029245763,-0.702694898132313,0.204936618070557,-0.588173729509814,-0.87701244987273,-0.453882052367499,-0.676409813763155
"A428",-0.443689410241862,-0.373475383820635,-0.0466482141239628,-0.379458317618815,0.157034660605325,-0.350052962234589,-0.226278260353567
"A429",-0.926254388725779,-1.0513730346226,-1.5766516153835,1.85920964156469,-0.201240817109607,-0.604498325091164,-0.558198660402151
"A430",-1.37694846716583,-1.4309112817834,-0.854067512044029,0.495133453791386,-0.939637838253796,-0.337234556045341,-0.604657192290755
"A431",-1.29500408926764,-1.34579284966752,-1.20219160812029,0.134052565324875,-0.913422559396606,0.0505222311794149,NA
"A432",-0.498318995507323,-0.547700928095326,-0.804337504329525,2.00383296994023,-0.606121235015099,0.530571542966757,0.212496763038807
"A433",0.175444068447178,0.308355719146728,-0.424028972934428,3.23978950858427,-0.527475398443528,0.794630710465268,0.453048717039803
"A434",-0.461902913969367,-0.47416807739641,-1.55032272523393,2.89445098812438,-0.584275169300774,0.298558390941366,0.0333733123127441
"A435",-1.13566597792387,-1.20634245893624,-1.9481768290247,0.455029126115515,0.174511513176785,-0.324416149856093,-0.199435553040151
"A436",-0.730101399871617,-0.703750364235978,-1.0597347598177,0.414215101521312,1.17943053603574,-0.258401357981465,0.209915733489441
"A437",-0.156884087598196,-0.0905859223151683,-0.974007893490711,0.222287247643926,-0.0148210563473656,0.515189455539659,0.409687420610439
"A438",0.380305013192654,0.420805814202861,-0.0729771042735296,0.599549225848386,-0.125507789299946,0.915764648953663,0.693084465130926
"A439",0.421277202141749,0.455709832793817,-0.848218987912138,-0.973242373815916,0.216747240224481,1.06317632013002,0.933120213222048
"A440",0.339332824243559,0.358803317043398,-0.339193778353836,-0.523926803030353,0.228398475272121,0.981138520518828,0.871175504037242
"A441",-0.325328950805716,-0.233951355919338,1.50382853211588,-0.997372069039172,-0.437178326824318,0.111409660578343,-0.0652220164730717
"A442",0.10260644241274,0.188339404870721,0.89826405867583,-1.0294761769084,3.35966789432539,0.656832843930851,1.71981801986908
"A443",-0.125018650512853,-0.0635365351933438,1.27857259007093,-0.82070915069607,1.97899654118004,0.0184762157062946,0.716313731075228
"A444",0.271045842661734,0.358778771320057,0.708113303496969,-0.3634836851662,0.194901174510156,0.97088379556743,0.85104347355218
"A445",0.357540865012537,0.39383006425106,1.26394776922251,-0.893124043526505,0.295393076796051,0.88820507564678,0.820071118959777
"A446",0.198208216627295,0.238731774889873,1.35755926051963,-1.3023314155621,0.398797787843857,0.930505816071298,0.890791328612431
"A447",0.321124783474581,0.351083687052641,1.42776963425181,-0.940983422982685,0.707555516606318,1.20546062883067,1.22167931684127
"A448",0.580615313485517,0.587336274210135,0.465304768018972,-0.9572677413633,2.36057448899025,1.43362825899929,1.99134232846248
"A449",0.0388701052835273,0.0759629469846126,1.80807816564691,0.0296367932678758,0.269177797938861,-0.844202520830104,-0.584525161805693
"A450",-0.316222198941964,-0.226225589497746,1.77589373032808,0.390833813957387,0.99592358403541,-0.123167172684897,0.253793235828678
"A451",-0.270699365540256,-0.218481413783649,-1.05299456393941,2.5334217139792,-0.0774464447284309,0.709388309306768,0.543900957177518
"A452",-0.939911785042144,-0.973851503880764,-2.37236684400241,-0.0425071243755602,-0.461937201300553,0.586331609889986,0.308511062275256
"A453",-0.0612823133836406,-0.0208883408882899,-1.02959344637448,1.30564604526646,-0.253671374823987,0.876668510076456,0.616169784559792
"A454",-0.00665272811818031,0.0487846948152477,-1.32505976215161,1.66667531941164,-0.0206466738711856,1.05292159517862,0.840719355354713
"A455",-0.68497189948382,-0.605868155982752,-0.330417481637313,-0.676395508248532,-0.0759900403474759,0.645296278360528,0.492796572100054
"A456",-0.389059824976402,-0.323058468078143,0.775395904644516,0.775902458263488,2.11589855298981,0.178065372762434,NA
"A457",-0.379958536071176,-0.350187628800825,0.339508841403026,-0.235093060849944,2.18289315451374,0.0242444984914563,0.793228411646361
"A458",-0.335817831176685,-0.287436487079461,-0.867421525127889,1.56975652752828,0.524048564605987,0.686956098475584,0.739026791109657
"A459",-0.156884087598196,-0.0789819316056925,-1.62345385051337,-1.16587992461163,0.727945177939688,1.13303663386142,1.1705749317638
"A460",0.252837801892756,0.362638586315435,-1.11150788940781,-0.122728683307637,0.305587907462736,1.10355429962615,0.997129746046347
"A461",-0.329879595258329,-0.265038514530763,-1.78142719141078,0.374755952862105,0.500746094510707,1.0311303046569,1.00797007015369
"A462",-0.502875102918462,-0.51292577455191,-1.76095384643047,1.41812655503177,1.39643478879804,0.638887075265904,1.00951868788331
"A463",-0.316222198941964,-0.29592930735546,-2.62395167619693,1.08886589566715,3.50093911927802,-0.0327974090506979,NA
"A464",0.0252127089671625,0.11089151129891,-2.47183388046879,0.543367037077232,2.01249384194201,-0.45965033515266,0.343096858236773
"A465",-0.0339675207509104,0.0140156777026668,-2.17928831623892,2.16405672693871,0.0827580371766199,0.656191923621389,0.5578385167441
"A466",-0.266143258129117,-0.233926810195997,-1.35431642488581,0.759876211489539,-0.0424927395855108,0.924737533286137,0.729735084731936
"A467",-0.801354767933357,-0.841181869222451,-1.11163426808053,1.35213764520731,-0.533301015967348,0.463915830782667,0.184621643905645
"A468",-0.534740540003805,-0.532335305283836,-1.13490900697275,1.28961979849251,-0.269691823014492,0.698492664045907,0.466986276606384
"A469",-0.288907406309234,-0.261080516642021,-1.54154642851741,-0.451821596127917,0.588130357368008,0.95486078783087,0.977513921471159
"A470",-0.00210208366556762,0.0837132591295452,-0.877468629608964,0.00555871236595278,2.83536231718159,0.646578118979452,1.52572459775669
"A471",0.607930106118247,0.610703802830804,-0.842363442742874,0.44701600272854,2.90963894061029,0.403669321693201,1.35640905931822
"A472",0.922050221394643,0.862604288618211,-0.464982683932408,1.21735974862608,0.509484520796437,0.971524715876892,0.963060155994704
"A473",0.617031395023473,0.761733638548213,-1.66733533409598,1.0728396488932,0.205096005176841,1.31121247989197,1.12876225306406
"A474",-0.175097591325701,-0.106258366668421,-0.412324903633274,-0.291288153201431,-0.729915607396274,0.233184519376201,-0.0709002814816789
"A475",0.0161059571034104,0.114702234847606,-0.108082291139619,-1.60723140561549,-0.00316982129972554,1.32210812515283,1.06372030842001
"A476",0.170893423994565,0.254177171302221,0.46822551956623,-0.524081645994353,0.716293942892048,1.47016071663864,1.43796959307821
"A477",0.407619805825384,0.420756722756178,0.38631809757027,1.20133350185213,2.46543560441901,0.273562498872332,1.09417645710254
"A478",-0.539291184456418,-0.520676086696843,1.45702629698601,1.98792285538928,-1.06051940187306,-1.76200040398027,-1.79502802045877
"A479",-0.94901307394737,-1.06300770748625,0.974329977577274,1.45823088270764,-0.951289073301436,-0.408376710395668,-0.666085695565688
"A480",-0.448245517653002,-0.423849344547282,-1.21974420155334,0.759979440132206,-0.480870458252968,0.934992258237535,0.582616400418022
"A481",-0.102254502332736,-0.0247727016070092,-1.40404643260031,-0.925112019172736,-0.281343058062132,1.20802431006852,0.873240327676736
"A482",0.0161059571034104,0.0566331898535446,0.904119603845094,-0.178859257757457,-0.543495846634033,0.573513203700738,0.269279413124879
"A483",-0.206963028411043,-0.133264798774399,-1.59420420881655,2.02775620787815,0.241506114700716,1.00164797042163,0.892339946342051
"A484",-0.648550354987338,-0.594313256719958,-0.971087141943452,-0.780811280305531,0.395884979081947,-0.356462165329213,-0.146782550233066
"A485",-0.202412383958431,-0.148704058755912,-0.286535998054701,-0.949422364520658,2.01103743756105,0.268435136396633,0.928990565943061
"A486",-0.170541483914561,-0.102220595178821,-0.406476379501383,-0.243209412879585,-0.266779014252582,0.801680833869355,0.551127839915746
"A487",0.644346187656203,0.630009014238531,0.222489211503602,-0.44375685841961,-0.284255866824042,0.917046489572588,0.637850432774474
"A488",0.375754368740041,0.389921157808999,1.18788185032107,-0.676511640471532,-0.263866205490672,1.18302841799949,0.859302768110154
"A489",0.352990220559924,0.385907932042739,0.986027025841056,-0.732797057885351,-0.122594980538036,1.28237106596616,0.989386657398246
"A490",0.72173992110178,0.715280857125298,0.754922559664213,-0.355470561779225,0.321608355653241,1.00677533289732,NA
"A491",0.689874484016437,0.676566114985645,0.904119603845094,-0.483809571774148,2.39989740727604,0.468402272948904,1.22787378775975
"A492",0.366647616876289,0.444173342823529,0.78709997394567,-0.523978417351686,1.87413542575128,0.363932262506531,0.957381890986097
"A493",0.230073653712638,0.323929980606617,0.254673646822432,0.51917282395231,0.232767688414986,1.0311303046569,0.912988182736986
"A494",0.471356142954597,0.510041791409206,0.406791442550573,1.36187984835895,-0.160461494442866,0.854877219554734,0.631655961855993
"A495",0.434934598458114,0.482759219915641,0.81635663667987,0.334535492963233,-0.332317211395557,0.282535383204806,0.109771786974005
"A496",0.0570781460525054,0.106951922702674,-0.532272306117329,1.59458301608954,0.258982967272176,1.21122891161583,1.06733374978913
"A497",0.207309505532521,0.285215238466965,-1.87796645529252,0.599381479304053,0.685709450891993,1.31698076267713,1.30375605651114
"A498",0.375754368740041,0.432391395619831,-1.03544197050637,-0.869097576945915,2.58340435927637,0.737588802923114,1.50972221455061
"A499",0.63979554320359,0.680432066411859,-0.362594895918771,0.446861159764541,1.92802238784662,0.185756416475983,0.832976266706612
"A500",0.425827846594362,0.463582873555456,1.13522407002194,0.286534174123387,-0.73719762930105,-0.740373430697194,-0.857598088128712
"A501",0.635244898750977,0.626222836413176,1.17032925688803,-0.556069621640584,-0.325035189490782,0.534417064823531,0.31522173910361
"A502",0.771818861914628,0.746318924290041,0.491633658168539,-0.87711070033289,0.208008813938751,1.77972522610899,1.50714118500125
"A503",0.535087017125283,0.602959627116707,-0.757528248162281,0.503094962857028,0.573566313558458,1.59321741605543,1.48649294860631
"A504",0.375754368740041,0.471075455605307,-0.734127130597346,-0.692524983665147,0.979903135844905,1.57783532862833,1.61812545562402
"A505",0.571508561621765,0.56795128920155,-1.20511938070493,-1.37437597563697,3.73105101146892,0.786939666751719,1.95624032659109
"A506",0.685318376605298,0.672632662820244,-0.68439010184547,0.824290884513333,2.70282951851468,0.492757244708475,1.3548604415886
"A507",0.562401809758013,0.560335978534994,1.28734888678745,0.551212413919874,-0.317753167586007,0.0466767093226405,-0.075029928760666
"A508",0.653452939519955,0.653351997135858,0.96847443240801,-0.933176756881044,-0.0424927395855108,1.02408018125281,0.80974700076231
"A509",0.689874484016437,0.676590660708986,1.02990850942367,-1.14178894012938,-0.119682171776126,0.536980746061381,0.390071596035251
"A510",0.871971280581796,0.8121321449982,0.623278108916376,-0.226976708820303,0.307044311843691,1.31698076267713,1.16954251994406
"A511",1.00854524374545,0.939947862865822,0.836829981660174,-0.644355918280968,0.828437080225584,1.06445816074894,1.15095910718861
"A512",1.07683222532727,1.0330191093442,0.734442193646536,0.109755123557286,2.92274658003889,0.015912534468445,1.04875033703369
"A513",1.06317482901091,1.02521970575259,0.485778112999275,0.318522149769618,3.54608765508763,-0.223150740961032,1.07714166207672
"A514",1.18609139585819,1.25763702363805,0.339508841403026,0.0778703765537214,2.48873807451429,-0.109066925876724,0.794260823466108
"A515",1.24072098112365,1.21892841792923,0.398015145834051,1.35376349632931,0.0463479276527447,0.773480340253009,0.639399050504094
"A516",0.881078032445548,0.839310397167565,0.295627357820413,-0.724629091534378,-0.150266663776181,1.57270796615263,NA
"A517",1.00854524374545,0.963266300039809,-0.947679003341144,0.0618441297797728,0.366756891462847,1.65474576576382,1.46274747675214
"A518",0.867420636129184,0.819876320712298,0.895343307128572,0.607459120592694,-0.459024392538643,-0.0398475324547843,-0.19478969985129
"A519",0.480457431859822,0.56414670208369,-0.552745651097633,-0.0506363799855341,2.83536231718159,1.06958552322464,NA
"A520",0.58516595793813,0.618423432821561,-0.944758251793885,-0.082572741310432,2.39698459851413,0.955501708140332,1.61915786744377
"A521",0.5578511653054,0.637753189952628,-0.988639735376497,1.21741136294741,0.324521164415151,1.45541954952101,1.28723746739519
"A522",0.248281694481616,0.316259442062543,-0.102233767007729,0.246313714224516,0.174511513176785,1.52335710232402,1.28878608512481
"A523",0.321124783474581,0.4168969077608,-0.116858587856142,-1.46276550092002,0.260439371653131,1.52015250077671,1.31666120425797
"A524",0.58516595793813,0.583501004938098,-0.42695674551906,-0.427575768681662,0.276459819843636,1.79446639322662,1.54327559869238
"A525",0.840105843496453,0.757898369276176,-1.12320493767159,-0.194885504531406,0.93184179127339,1.66115496885844,1.66819742888174
"A526",1.17698464399444,1.06781880861096,-1.3396916040374,-0.596135238575455,2.7086551360385,0.726693157662253,NA
"A527",1.26348512930377,1.16078573576514,-0.628811569999077,-0.732474468377019,2.00375541565628,0.460070308925892,1.08075510344583
"A528",1.2316142292599,1.1374918443145,-0.280680452885437,0.222287247643926,0.245875327843581,1.27596186287154,NA
"A529",0.862864528718044,0.757978142877035,1.44239445510022,0.31045741206131,-0.540583037872123,0.537621666370843,0.241404293991717
"A530",0.876521925034409,0.839236759997542,-0.32164118492079,1.971574019107,0.473074411272562,1.66115496885844,1.50559256727163
"A531",0.835549736085314,0.920642651458096,-0.409404152086015,0.816110014582026,0.483269241939247,1.61949514874338,1.47565262449897
"A532",0.785476258230993,0.769508496416487,-0.268983404621656,-0.178962486400124,1.04107211984502,1.56758060367693,1.63154680928073
"A533",0.744504069281898,0.738544066421767,-0.868692332892441,-0.307353110716379,3.08003825318203,0.69400622187967,1.65064642794605
"A534",0.53053637267267,0.599044584243811,-0.204621555021367,-0.588173729509814,2.60088121184783,0.44084269964202,1.27691334919772
"A535",0.398513053961632,0.432544806390713,1.05331664802598,-0.203105085203713,-0.284255866824042,0.506216571207186,0.306962444545636
"A536",1.05406807714715,1.10663173364398,0.436048105284772,-0.548004883932276,0.174511513176785,1.41055512785864,1.19793384498709
"A537",1.56849849271641,1.51337277869749,-0.251430811188611,-0.989371849232531,0.0346966926051047,1.07855840755711,NA
"A538",1.69596570401631,1.70708149087413,-0.421101200349796,-0.925176537074403,-0.102205319204666,0.942683301951084,0.723024407903582
"A539",1.54118370008368,1.53267799010522,-0.380147489351816,-0.0986376988253805,0.168685895652965,0.770916659015159,0.680695523293964
"A540",1.2907999219365,1.09497251505699,-0.655140460148644,-0.138909773045585,2.63437851260979,0.73374328106634,1.52469218593694
"A541",1.35453079610719,1.22667259364333,-1.04421826722289,-0.58016060612284,2.47999964822856,0.438279018404171,1.23200343503874
"A542",1.20429943662717,1.10264305360106,-0.868692332892441,1.4180620371301,0.423556662320092,1.2714754207053,1.17418837313292
"A543",0.739947961870758,0.738519520698426,-1.78728273658004,2.02787234010115,0.333259590700881,1.73614264506554,1.51643289137897
"A544",1.10414701796,1.02133534503387,-1.88089422787716,1.04891641095528,0.333259590700881,1.66756417195307,NA
"A545",1.38640169615106,1.23439222363408,-1.44207939205103,-0.243054569915585,0.1060605072719,1.47528807911434,1.22580896412026
"A546",1.85075317090747,1.91615582586226,-0.976935666075343,-0.323482586132994,-0.0279286957759607,0.626709589386118,0.494861395739547
"A547",1.47289671850186,1.30800484793386,-0.187068961588322,-0.379561546261482,0.883780446701874,0.369059624982231,0.610491519551185
"A548",1.75059528928177,1.69534249868628,-0.766304544878804,-0.28332664413579,0.834262697749404,0.290867347227817,0.529963397610937
"A549",1.5639478482638,1.39716718797018,-1.26948123030522,0.0616892868157731,0.0813016327956649,1.06830368260572,0.88924271088281
"A550",1.55939174085266,1.40092268364136,-0.953534548510407,-0.829044863591377,0.296849481177006,1.2509659708025,1.11275986985798
"A551",1.6049200372129,1.58309490584771,-0.625883797414445,-0.716615968147403,2.49602009641907,0.759380093444836,1.49630086089391
"A552",1.81433162641099,1.7612354929953,-1.19341531140377,0.0457146543631577,0.810960227654124,0.756175491897524,0.896469593621038
"A553",1.8188822708636,1.70702626299661,-1.24315234015565,-0.572199097057199,0.754160456796879,0.759380093444836,0.878918592685343
"A554",2.00098453038748,2.02845251014751,-0.953534548510407,-0.347521956293918,0.873585616035189,-0.16931343496619,0.17326511388843
"A555",1.78701683377826,1.93936994371205,-0.380147489351816,-0.836890240434019,0.516766542701212,-0.119962571137585,NA
"A556",1.17698464399444,1.10271669077108,0.389238849117528,-0.122728683307637,0.218203644605436,1.22725191935239,1.06578513205951
"A557",1.2316142292599,1.16863423080344,0.278074764387368,-0.50000356509243,0.154121851843415,1.07663564662873,0.921763683204833
"A558",1.20885554403831,1.0795025729213,0.0381869804566304,-0.500055179413763,0.18470634384347,1.6874327015464,1.42454823942151
"A559",1.20429943662717,1.10657650576646,-0.690245647014733,-0.564031130706225,0.267721393557906,1.7675477402292,1.51849771501846
"A560",1.2907999219365,1.18788421433365,-0.997416032093019,-1.4146996641785,0.965339092035355,1.49451568839822,1.54585662824175
"A561",1.13601245504534,1.17628022362418,0.500409954885061,-0.603980615418097,2.19454438956138,0.61389118319687,1.27226749600886
"A562",1.36818819242355,1.41654603654793,0.632054405632898,-0.307353110716379,1.56100848384595,0.29150826753728,0.788066352547628
"A563",1.46378996663811,1.53270253582856,0.120101423489964,-0.339353989942944,0.349280038891386,1.33684929227046,1.20051487453646
"A564",1.76425268559814,1.72635602012768,-0.85699528462866,-0.98141034016689,0.1060605072719,1.41568249033434,1.17780181450203
"A565",1.62767872243449,1.66437806869156,-0.35674637178688,-0.684460245956839,-0.0716208272046109,0.806167276035592,0.623912873207892
"A566",1.50021151113459,1.47451076221779,-0.192917485720213,-0.323327743168995,0.0579991627003848,1.31185340020143,1.07714166207672
"A567",0.931151510299869,0.850945070031217,1.51846037400167,0.238468337381874,-0.147353855014271,0.940119620713234,0.704957201058013
"A568",0.548744413441647,0.463656510725478,1.66765741818255,0.294379550966029,0.605607209939468,-0.295574735930284,-0.0234093377733278
"A569",0.940258262163621,0.912923021467339,0.945073314843075,-1.24603954635811,2.46980481756188,0.775403101181396,1.49991430226302
"A570",1.34542950720196,1.32340115289952,0.465304768018972,-0.668446902763224,0.417731044796272,1.39389119981262,1.27071887827924
"A571",1.39550298505628,1.42424112081535,0.190311797222144,0.270559541670772,0.425013066701047,1.79190271198877,1.59386377785998
"A572",1.2498277329874,1.10271669077108,-1.24900086428754,-0.331444095198636,0.778919331273114,2.00853377658707,1.89377941149641
"A573",1.53663305563107,1.62559582581272,-0.21924637586978,1.21715329134074,0.273547011081726,1.39004567795584,1.21651725774253
"A574",1.5639478482638,1.594631395818,-0.233878217755566,-0.483809571774148,0.598325188034693,1.27468002225261,1.23871411186709
"A575",1.42281777768901,1.36995825364664,-0.102233767007729,-0.427575768681662,2.01831945946583,0.509421172754498,NA
"A576",1.23617033667104,1.18788421433365,-0.0290956206909174,-0.259235659653534,1.90035070460847,0.504934730588261,1.08023889753596
"A577",1.28624381452536,1.29253490579817,0.28685106110389,-0.475744834065841,0.279372628605546,1.54386655222682,1.34247149975164
"A578",1.19064204031081,1.15697501221645,0.535515141751151,-0.323379357490328,0.174511513176785,1.66115496885844,1.39977035574758
"A579",1.21340618849092,1.18404894506161,0.348285138119548,-0.636239566251327,0.328890377558016,1.82651240869974,1.5876693069415
"A580",1.40460973692003,1.42815616368824,0.222489211503602,-0.788824403692506,0.196357578891111,1.68038257814231,1.42299962169189
"A581",1.47744736295447,1.5249829058378,0.102548830056919,0.326535273156593,0.698817090320588,1.40414592476402,NA
"A582",1.62767872243449,1.69925754155917,-0.102233767007729,0.864175851323539,2.17998034575183,0.527366941419445,1.19741763907722
"A583",1.49566086668198,1.57537527585695,0.172759203789099,1.28951656984984,1.25079435070254,0.0646224779875878,0.49537760164942
"A584",1.40460973692003,1.44753501226599,0.184463273090254,-0.788824403692506,0.560458674129862,1.36120426403004,1.29498055604329
"A585",1.31355860715809,1.37006257297084,0.532587369166519,-0.949422364520658,0.625996871272838,1.49900213056445,1.42919409261037
"A586",1.39095234060367,1.43201597868362,0.31610772383809,-1.02952779122974,0.604150805558513,1.67589613597608,1.56392383508732
"A587",1.42281777768901,1.38164201795697,-0.0524967382558531,-0.443705244098277,0.506571712034527,1.55988955996338,1.43590476943872
"A588",1.20429943662717,1.18793944221117,0.617422563747112,0.623588596009309,0.315782738129421,0.682469656309347,NA
"A589",1.07683222532727,1.00584085717484,0.737369966231168,0.206364229512644,2.03725271641824,0.253693969278998,0.926409536393694
"A590",1.12235505872898,1.044574008607,-0.68439010184547,-0.87711070033289,1.94258643165617,0.452379265212343,NA
"A591",1.2316142292599,1.15303542362021,-0.5790745412472,-0.700331649766789,0.522592160225032,1.29454855184594,1.22787378775975
"A592",1.26348512930377,1.24216708150236,0.412646987719837,-0.275210292106149,0.407536214129587,1.2817301456567,1.17676940268228
"A593",1.15422595877285,1.10261237144688,-0.0583522834251169,-0.267300397361841,0.509484520796437,1.59770385822166,NA
"A594",1.22251294035467,1.10660718792064,-0.763376772294172,-0.628278057185686,0.713381134130138,1.67333245473823,1.60057445468833
"A595",1.24527162557627,-1.42336960828687,-0.400627855369492,0.527340790303283,0.924559769368615,1.28749842844186,1.36466835387619
"A596",0.999438491881694,0.881909500025937,-0.172444140739909,-0.162833010983509,2.88196725737215,0.88564139440893,1.73478799125541
"A597",0.767262754503488,0.792826933590474,0.588172922050286,-1.34243961431207,0.524048564605987,-0.202000370748773,0.0230491941152765
"A598",0.767262754503488,0.746269832843359,0.74614626294769,-0.780759665984198,0.258982967272176,1.18431025861841,NA
"A599",0.840105843496453,0.777307900008102,0.32195624796998,-1.51895027040724,0.339085208224701,1.45413770890208,1.29136711467417
"A600",0.940258262163621,0.905123617875724,0.345357365534916,-1.5510479264863,0.358018465177116,1.6823053390707,1.48184709541745
"A601",1.09504026609625,0.998115090753248,0.0557395738896749,-1.36636543296606,0.749791243654014,1.75985669651565,1.68316740026807
"A602",1.13146181059273,1.06004395074269,-0.0905296977065749,-1.52701500811554,0.694447877177723,1.6669232516436,NA
"A603",0.908392825078278,0.885744769297975,0.596949218766809,0.695784127974078,1.42847568517905,0.363932262506531,NA
"A604",0.862864528718044,0.746447789337581,1.53015742226545,0.495133453791386,0.924559769368615,0.0742362826295239,0.387490566485884
"A605",1.13601245504534,1.10660718792064,0.719817372798123,-0.79683752707948,0.205096005176841,1.45606046983047,1.24542478869544
"A606",1.272586418209,1.17632931507086,-0.055424510840485,0.00566194100861921,0.12645016860527,1.56950336460532,NA
"A607",1.03586003637818,0.990291141438292,-0.532272306117329,-1.00550132464915,0.478900028796382,1.83548529303222,1.64806539839668
"A608",1.15422595877285,1.09489274145613,-0.263127859452392,-1.46287260063678,0.471618006891607,1.84894461953093,1.65632469295466
"A609",1.46834607404925,1.31961497507417,-0.283608225470069,-0.283275029814457,0.851739550320864,1.44901034642638,1.46894194767062
"A610",1.40916038137265,1.4009472293647,0.0732921673227202,-0.997436586940838,2.19017517641852,0.0844910075809224,0.844332796723826
"A611",1.09959637350739,1.07170316932968,1.31367777693702,-1.63121141930688,2.57029671984777,-0.29429289531136,0.67398484646561
"A612",1.15877660322546,1.14920015434817,1.14400036673846,-0.507952170577738,1.62654668098893,0.264589614539859,0.789614970277248
"A613",1.25892902189263,1.304200260816,0.89241553454394,0.591432873818745,0.0274146707003296,1.50028397118338,1.21806587547215
"A614",1.31811471456923,1.43978470012106,0.795876270662193,-0.0345585188902522,-0.0235594826330956,1.68166441876124,1.34608494112075
"A615",1.09959637350739,1.11054064008604,1.28150036265556,-0.620213319477379,-0.345424850824152,1.2407112458511,0.876853769045849
"A616",1.13601245504534,1.12204644790215,0.760771083796103,-0.243106184236918,0.286654650510321,1.79638915415501,1.54843765779112
"A617",0.894735428761913,0.839261305720883,1.20251369220686,1.16929391188456,1.03233369355929,0.488911722851701,0.759675027504592
"A618",0.626138146887225,0.641692778548865,-0.564449720398787,0.438848036377566,2.50767133146671,1.28237106596616,1.92165453062957
"A619",0.480457431859822,0.560256204934135,-0.871620105477073,0.880369844641821,0.392972170320037,1.76306129806296,1.55927798189846
"A620",0.448591994774479,0.490534077783915,-0.757528248162281,-1.27012536940823,0.323064760034196,1.94892818780706,1.68419981208782
"A621",0.566957917169152,0.587385365656818,-0.35674637178688,-0.756668681501942,0.293936672415096,2.02776138587094,NA
"A622",0.63979554320359,0.645577139267584,0.0645158706061972,-1.39055964609098,0.299762289938916,1.98289696420857,1.70329943075313
"A623",0.753605358187124,0.73470879714973,0.313179951253458,-1.11774956996845,0.773093713749294,1.90598652707308,1.80912164227718
"A624",0.617031395023473,0.684291881407237,-0.886244926325486,0.735952973551616,3.36694991623016,1.21635627409153,2.17304680873791
"A625",0.462249391090844,0.544737171351763,-0.406476379501383,-1.29426667785379,1.91928396156089,0.96832011432958,1.46016644720277
"A626",0.466800035543457,0.482912630686523,0.749067014494949,-0.499939047190763,0.253157349748356,1.40414592476402,1.22064690502152
"A627",0.698975772921663,0.556654120033837,1.71738742589705,2.15619844651574,-0.694961902253354,0.0293718609671555,-0.222664818984453
"A628",0.312018031610829,0.40531132634383,-0.640508618262858,0.318573764090951,-0.087641275395116,2.01686574061008,1.5933475719501
"A629",0.280152594525486,0.354918956324678,-0.0671285801416392,-0.933176756881044,0.13227578612909,2.0027654938019,1.65993813432377
"A630",0.566957917169152,0.59902003852047,0.28685106110389,-0.467847842901866,0.585217548606098,2.08993065588879,1.89068217603717
"A631",0.844656487949066,0.835376945002164,0.131805492791118,1.20128188753079,2.42319987737132,1.42721905590466,2.0083771234883
"A632",0.184550820310931,0.273556019879971,-1.12906048284086,0.422873403924951,2.33872842327593,1.15162332283583,1.75646863947009
"A633",0.10260644241274,0.172795825565009,-0.947679003341144,-0.620432680343044,0.222572857748301,1.78100706672791,1.51333565591973
"A634",0.298360635294464,0.428476352746935,-0.406476379501383,0.591432873818745,-0.00462622568068055,1.94636450656921,1.56598865872681
"A635",0.762712110050876,0.750233967162936,0.020634387023585,0.695680899331411,-0.089097679776071,2.1085173448632,1.66664881115212
"A636",0.844656487949066,0.819956094313157,0.441896629416663,-0.724461344990045,-0.141528237490451,1.91367757078663,1.49113880179517
"A637",0.676217087700073,0.684267335683896,0.436048105284772,-0.33945721858561,0.286654650510321,1.73934724661285,1.50249533181239
"A638",0.257388446345368,0.343284283461026,-0.596627134680245,0.478952364053438,2.53534301470485,1.48041544159004,2.09097006906804
"A639",0.170893423994565,0.265762752719192,-0.312864888204268,-0.716512739504737,1.69936690003668,0.780530463657095,1.23097102321899
"A640",0.139022523950696,0.231012144899117,0.149358086224164,-1.28625484482485,-0.124051384918991,1.5118205367537,1.17367216722304
"A641",0.521429620808918,0.417148501425046,1.71153890176516,-1.10985257880448,-0.776520547586835,0.428024293452772,0.0695077260038808
"A642",0.885628676898161,0.765697772867791,1.16448073275614,-1.59927505798198,-0.175025538252416,2.04314347329804,1.58353965966251
"A643",0.885628676898161,0.819956094313157,0.667159592498988,-0.941189880268018,0.0623683758432498,1.78228890734684,1.4575854176534
"A644",0.653452939519955,0.649436954262963,-0.00276673054135064,-1.08565836567956,0.97262111394013,1.9123957301677,1.88500391102856
"A645",0.321124783474581,0.393756427081036,0.254673646822432,1.00052798470544,3.17907375108697,0.81898568222484,1.78640858224275
"A646",-0.434588121336637,-0.33468700451096,0.564764783447977,-0.636458927116993,-0.0978361060618011,-0.594243600139766,-0.513288746243167
"A647",-0.612134273449383,-0.532310759560495,0.5735410801645,-0.010415920086663,0.0376095013670147,0.607481980102246,0.502604484387648
"A648",-0.266143258129117,-0.222396456656544,0.939224790711184,-0.0024027966996885,-0.359988894633702,1.36825438743412,0.974416686011918
"A649",0.10260644241274,0.176655640560387,0.020634387023585,-0.0343907723459196,-0.0992925104427561,2.08608513403202,NA
"A650",-0.329879595258329,-0.265013968807422,-1.15538937299042,-0.114715559920662,-0.0206466738711856,1.9739240798761,1.58250724784276
"A651",-0.316222198941964,-0.253330204497088,-0.622956024829813,0.575574373589129,0.308500716224646,1.64449104081242,1.43383994579923
"A652",-0.557504688183922,-0.509065959556532,-0.935981955077362,-0.572199097057199,2.04453473832302,0.769634818396234,1.34453632339113
"A653",0.143578631361835,0.207718253448471,0.0879240092085063,1.137138189694,1.79403318479875,0.578640566176437,1.10191954575064
"A654",0.362096972423676,0.397616242076415,0.558916259316087,1.36198307700161,-0.128420598061856,0.934992258237535,0.70753823060738
"A655",-0.14778279869297,-0.0828908380477529,-0.488390822534717,-0.106650822212355,0.107516911652855,1.89444996150276,1.56392383508732
"A656",-0.216069780274796,-0.14878383235677,0.456528471302449,-1.14990529215902,0.190531961367291,1.81113032127264,1.52624080366656
"A657",0.148129275814448,0.234847414171154,0.705185530912337,0.599381479304053,0.232767688414986,1.82330780715243,1.55101868734049
"A658",0.371198261328902,0.389921157808999,1.31367777693702,-0.71656435382607,-0.138615428728541,0.650423640836227,0.474729365254485
"A659",-0.0612823133836406,-0.00927821374797873,-0.385996013483706,-0.941306012491018,2.85138276537209,1.04330779053668,1.85093432097692
"A660",-0.170541483914561,-0.109995453047095,-0.827738621894461,-0.315263005460687,1.86976621260841,0.663882967334937,1.19741763907722
"A661",-0.0430742726146628,0.0526997376881432,-0.418180448802538,-1.40652782675343,-0.0264722913950057,1.64833656266919,1.31820982198759
"A662",0.26649519820912,0.343333374907708,0.0967003059250285,-1.2379748086498,-0.0104518432045006,1.90278192552577,1.52882183321593
"A663",0.50322158003994,0.51771232995328,0.0586673464743068,-1.51884188033244,-0.0774464447284309,2.077753170009,1.64600057475719
"A664",0.298360635294464,0.339553333513189,1.21128998892338,-0.853071330171967,0.0390659057479697,1.81241216189157,1.47358780085948
"A665",0.275596487114346,0.296978776378158,1.25809222405325,-0.748655558114967,0.486182050701157,1.67012785319091,NA
"A666",0.189101464763543,0.250237582705985,0.646679226481311,0.583316521789104,2.61398885127642,0.995238767327001,1.72807731442706
"A667",-0.0977038578801231,-0.0403960545135801,0.46822551956623,2.67777406716774,0.218203644605436,-0.125089933613284,-0.0234093377733278
"A668",-0.302564802625599,-0.21449273374073,1.77004520619619,2.16410834126005,-1.23237511882575,-2.33049671847342,-2.31381495988152
"A669",-0.968051484412382,-1.00910529902933,1.38708272267401,0.290624609089041,-1.10858074644458,-1.6966265324151,-1.75940981267751
"A670",-0.753258881065646,-0.694975268141557,0.272226240255478,-0.307353110716379,-0.625054491967514,0.955501708140332,0.548030604456505
"A671",-0.707736047663938,-0.640716946696191,-0.324561936468049,-0.427627383002994,-0.556603486062629,1.19456498356981,0.764837086603326
"A672",-0.766916277382011,-0.726013335306299,-0.742903427313869,0.976656361088846,-0.335230020157467,1.00805717351625,0.693084465130926
"A673",-0.830652614511223,-0.923581862478317,-0.959383072642298,1.03283854986,0.263352180415041,0.290226426918355,0.327094475030698
"A674",-0.926254388725779,-0.88865329816402,-0.666837508412425,-0.146819667789893,0.513853733939302,0.160119604097486,0.311092091824623
"A675",-0.962670470263735,-1.0203595131812,-0.938902706624621,0.591484488140078,-0.684767071586669,0.785016905823332,0.389555390125377
"A676",-1.17208752242035,-1.18302402176226,-0.42695674551906,-0.219015199754662,-0.556603486062629,1.00228889073109,0.609975313641311
"A677",-1.09014314452216,-1.22564767034397,-0.564449720398787,1.46612787387161,-0.76050009939633,0.674778612595798,0.27392526631374
"A678",-0.78235459817803,-0.812849968056058,-2.06710618108964,2.03036273110547,-0.74011043806296,0.845263414912798,0.418462921078287
"A679",-0.730494732885528,-0.729873150301678,-0.611258976566031,0.31061225502531,-0.202697221490562,1.04266687022722,0.767934322062566
"A680",-0.580263373405513,-0.493473288804137,0.123029196074596,-1.71153620688162,1.8085972286083,0.506216571207186,1.04875033703369
"A681",-0.407273328703906,-0.323027785923966,0.219568459956343,-0.812747641630429,2.09987810479931,0.580563327104825,1.21187140455367
"A682",-0.0567316689310279,0.006314457004416,0.798804043246825,-0.218963585433329,0.362387678319981,0.971524715876892,0.910923359097492
"A683",-0.830652614511223,-0.927392586027014,0.24589735010591,1.95566390455605,-0.759043695015375,0.0710316810822119,-0.211824494877112
"A684",-1.12655922606012,-1.1830485674856,-0.532272306117329,0.11792308990826,-0.692049093491444,0.939478700403772,0.511379984855495
"A685",-0.94901307394737,-0.91961772815874,-0.0524967382558531,-0.483874089675814,-0.76923852568206,0.941401461332159,0.485569689361826
"A686",-0.821545862647471,-0.780247111028324,-0.725350833880823,-0.251119307623893,-0.530388207205438,0.998443368874313,0.616169784559792
"A687",-0.930805033178391,-0.908013737449264,-0.5790745412472,-0.138806544402919,0.676971024606263,0.422896930977073,0.580551576778528
"A688",-0.835203258963836,-0.838285473868209,0.456528471302449,0.479055592696105,0.107516911652855,0.0582132748929638,0.0849939033000823
"A689",-0.625791669765748,-0.605868155982752,-0.0320233932755493,0.575251784080797,-0.581362360538864,0.893332438122479,0.513444808494989
"A690",-0.662207751303703,-0.574903725988032,0.400942918418683,-1.39050545105358,-0.457567988157688,0.925378453595599,0.583132606327895
"A691",-0.776023029245763,-0.671705922414252,-0.0993059944230971,-1.12571107903409,-0.339599233300332,0.56069479751149,0.331224122309685
"A692",-0.848860655280201,-0.760813034573057,-0.333338233184572,-1.77573151903975,0.15557825622437,-1.40116226975293,-1.07337215845579
"A693",-0.694078651347573,-0.586489307405002,-0.415252676217906,-0.547953269610943,1.09932829508322,-0.864711970732901,-0.306806382293814
"A694",-1.18574491873671,-1.38445236392965,-1.56787531866698,2.40503108966294,-0.460480796919598,-1.22490918465077,-1.14977063311705
"A695",-1.36329107084946,-1.33020017891512,-1.12028418612433,-0.515965293964712,-0.785258973872565,-0.987768670149683,-1.07388836436566
"A696",-0.994541370307604,-0.830565843877452,-0.64928491497938,-1.85600211157709,-0.744479651205825,0.701056345283757,0.300767973627156
"A697",-1.11290182974375,-1.18307924963978,1.11475072504163,0.60744621701236,-1.0561501887302,0.115255182435118,-0.281512292710019
"A698",-1.08558703711102,-1.13273597106731,-0.854067512044029,0.262391575319798,-0.946919860158571,0.901023481836028,0.390071596035251
"A699",-1.17188539295487,-1.07959448003396,-0.507214223732314,-0.967306726862601,-0.881381663015595,0.912560047406351,0.422592568357274
"A700",-1.07648574820579,-0.923452997430777,0.152278837771422,-1.70347146917331,-0.708069541681949,1.05740803734485,0.60068360726359
"A701",-1.07648574820579,-0.966180965336689,1.25517147250599,-1.68755619319023,0.14975263870055,0.37418698745793,0.354453388253987
"A702",-0.807888466331106,-0.706585395281867,1.37218408136804,-0.853019715850634,0.0638247802242048,0.0646224779875878,0.0746697851026146
"A703",-0.234277821043774,-0.113879813765814,0.980178501709164,-1.39055964609098,-0.426983496157633,1.29647131277433,0.892856152251924
"A704",-0.106810609743875,-0.0325230137519418,0.743218490363058,-0.211066594269354,-0.432809113681453,1.5374573491322,1.08488475072482
"A705",-0.311671554489351,-0.284374408092666,-1.00326455622491,1.72307686904846,-0.753218077491555,1.1163727058154,0.632172167765866
"A706",-1.308661485584,-1.32638945536643,-0.836514918610983,-0.203001856561047,-0.74011043806296,0.883718633480543,0.44943527567069
"A707",-0.953569181358509,-0.935167443895287,0.956777384144229,-0.772746542597224,-0.727002798634364,0.642732597122678,0.259987706747159
"A708",-0.621235562354608,-0.520651540973502,1.98945262410925,-1.14980206351635,0.443946323653462,0.495320925946325,0.556289899014479
"A709",-0.607578166038243,-0.516736498100606,1.94849891311127,-0.419511030973354,-0.593013595586504,-0.557070222190946,NA
"A710",-0.325328950805716,-0.237964581685598,2.08599188799099,-0.00229956805702206,-0.756130886253465,0.759380093444836,0.343613064146646
"A711",-0.776023029245763,-0.834499296042854,-0.21924637586978,1.36198307700161,-0.82458189215835,1.00164797042163,0.514477220314736
"A712",-1.08103639265841,-1.08624637105938,-0.628811569999077,-0.355483465359559,-0.78380256949161,0.86705470543452,0.42052774471778
"A713",-1.09014314452216,-1.10557612819045,-0.997416032093019,-0.211066594269354,-0.616316065681784,0.929864895761836,0.53047960352081
"A714",-1.16753141500921,-1.10555158246711,0.105476602641551,-0.764630190567583,-0.610490448157964,0.977933918971516,NA
"A715",-0.935355677631004,-0.834376567426149,0.158134382940686,-1.08565836567956,-0.118225767395171,0.399823799836426,0.28011973723222
"A716",-0.725944088432916,-0.640741492419532,1.48042741455094,-1.15802164418866,-0.451742370633868,-0.261605959528777,-0.370815915118114
"A717",-0.557504688183922,-0.447063462397069,1.96019596137505,-1.19007026666245,-0.926530198825201,0.45942938861643,0.0416326068707182
"A718",-0.461902913969367,-0.396695638101258,0.269298467670846,0.398950165987027,-0.604664830634144,0.940760541022697,0.543384751267645
"A719",-0.889832844229296,-0.811186995299702,-0.0173915513897633,-0.0825082234087654,-0.750305268729645,0.81898568222484,0.393685037404364
"A720",-0.903490240545661,-0.853804507450581,0.281002536972,-0.748707172436301,-0.77797695196779,0.101154935626945,-0.194273493941417
"A721",-0.921698281314639,-1.05906811889001,-0.500087870798498,2.37292698179371,-0.913422559396606,-0.162904231871566,NA
"A722",-1.25403190031854,-1.46194934894815,-1.3104349413032,2.79826770032002,-0.936725029491886,-1.35373416685272,-1.42232735353019
"A723",-1.36329107084946,-1.31861459749815,-0.789705662443739,-0.74070695262966,-0.641074940158019,-1.45948601791401,-1.402711528955
"A724",-1.44266239528165,-1.32211849950509,1.14730727534124,-1.46140546355289,-0.981873565301491,-1.86518857380372,-1.85026205281522
"A725",-1.11488488368889,-1.10387633684908,0.750471221969592,-0.280784638810131,-0.594469999967459,-1.97606778734071,-1.802254903197
"A726",-1.37694846716583,-1.55878222752854,1.37218408136804,1.6266226060571,-1.22218028815907,-2.06643755097491,-2.09752468364457
"A727",-1.31776277448923,-1.52006748538889,0.17568697637373,2.06001515871138,-0.875556045491775,-1.14671690689636,-1.23391219642641
"A728",-1.32231888190037,-1.34576830394418,-0.266055632037024,-0.451821596127917,-0.297363506252637,-0.772419446170314,-0.72751419884062
"A729",-1.32231888190037,-1.42336960828687,0.877790713695527,-0.8529681015293,-1.00371963101582,-1.58574731887811,-1.63293936475853
"A730",-1.308661485584,-1.48902941822415,-1.01496862552606,2.06802828209835,-0.705156732920039,-1.42551724151251,NA
"A731",-1.52717982664584,-1.53942792467414,-0.353818599202248,-0.459886333836225,-0.595926404348414,-0.875607615993762,-0.916445561854278
